Plane 0
09 09 09 09 09 09 09 09 09 09 09 09 09 09 09 09 09 09 09 09 09 09 09 09 09 09 09 09 09 09 09 09 
09 09 09 09 09 09 09 09 09 09 09 09 09 09 09 09 09 09 09 09 09 09 09 09 09 09 09 09 09 09 09 09 
09 09 09 09 09 09 09 09 09 09 09 09 09 09 09 09 09 09 09 09 09 09 09 09 09 09 09 09 09 09 09 09 
09 09 09 09 09 09 09 09 09 09 09 09 09 09 09 09 09 09 09 09 09 09 09 09 09 09 09 09 09 09 09 09 
09 09 09 09 09 09 09 09 09 09 09 09 09 09 09 09 09 09 09 09 09 09 09 09 09 01 09 09 09 09 09 09 
09 09 09 09 09 09 09 09 09 09 09 09 09 09 09 09 09 09 09 09 09 09 09 09 09 01 09 09 09 09 09 09 
09 09 09 09 09 09 09 09 09 09 09 09 09 09 09 09 09 09 09 09 09 09 09 09 09 01 09 09 09 09 09 09 
09 09 09 09 09 09 09 09 09 09 09 09 09 09 09 09 09 09 09 09 09 09 09 09 09 01 09 09 09 09 09 09 
09 09 09 09 09 09 09 09 09 09 09 09 09 09 09 09 09 09 09 09 09 09 09 09 09 01 09 09 09 09 09 09 
09 09 09 09 09 09 09 09 09 09 09 09 09 09 09 09 09 09 09 09 09 09 09 09 09 01 09 09 09 09 09 09 
09 09 09 09 09 09 09 09 09 09 09 09 09 09 09 09 09 09 09 09 09 09 09 09 09 09 09 09 09 09 09 09 
09 09 09 09 09 09 09 09 09 09 09 09 09 09 09 09 09 09 09 09 09 09 09 09 09 09 09 09 09 09 09 09 
09 09 09 09 09 09 09 09 09 09 09 09 09 09 09 09 09 09 09 09 09 09 01 09 09 09 09 09 01 09 09 09 
09 09 09 09 09 09 09 09 09 09 09 09 09 09 09 09 09 09 09 09 09 09 01 09 09 09 09 09 01 09 09 09 
09 09 09 09 09 09 09 09 09 09 09 09 09 09 09 09 09 09 09 09 09 09 09 09 09 09 09 09 09 09 09 09 
09 09 09 09 09 09 09 09 09 09 09 09 09 09 09 09 09 09 09 09 09 09 09 09 09 09 09 09 09 09 09 09 
09 09 09 09 09 09 09 09 09 09 09 09 09 09 09 09 09 09 09 09 09 09 09 09 09 09 09 09 09 09 09 09 
09 09 09 09 09 09 09 09 09 09 09 09 09 09 09 09 09 09 09 09 09 09 09 09 09 09 09 09 09 09 09 09 
09 09 09 09 09 09 09 09 09 09 09 09 09 09 09 09 09 09 09 09 09 09 09 09 09 09 09 09 09 09 09 09 
09 09 09 09 09 09 09 09 09 09 09 09 09 09 09 09 09 09 09 09 09 09 09 09 09 09 09 09 09 09 09 09 
09 09 09 09 09 09 1B 09 09 09 1B 09 09 09 09 09 09 09 09 09 09 09 09 09 09 09 09 09 09 09 09 09 
09 09 09 09 09 09 1B 09 09 09 1B 09 09 09 09 09 09 09 09 09 09 09 09 09 09 09 09 09 09 09 09 09 
09 09 09 09 09 09 0D 1B 09 1B 13 09 09 09 09 09 09 09 09 09 09 01 09 09 09 09 09 09 09 01 01 09 
09 09 09 09 09 09 0D 1B 09 1B 13 09 09 09 09 09 09 09 09 09 09 01 09 09 09 09 09 09 09 01 01 09 
09 09 09 09 09 09 13 23 23 23 13 09 09 09 09 09 09 09 09 09 09 09 09 09 09 09 09 09 09 09 09 09 
09 09 09 09 09 09 13 23 23 23 13 09 09 09 09 09 09 09 09 09 09 09 09 09 09 09 09 09 09 09 09 09 
09 09 09 09 09 09 13 23 23 23 23 09 09 09 09 09 09 09 09 09 09 09 09 09 09 09 09 09 09 09 09 09 
09 09 09 09 09 09 13 23 23 23 23 09 09 09 09 09 09 09 09 09 09 09 09 09 09 09 09 09 09 09 09 09 
09 09 09 09 09 09 23 23 23 23 23 09 09 09 09 09 09 09 09 09 09 09 09 09 09 09 09 09 09 09 09 09 
09 09 09 09 09 09 23 23 23 23 23 09 09 09 09 09 09 09 09 09 09 09 09 09 09 09 09 09 09 09 09 09 
09 09 09 09 09 09 23 23 23 23 01 09 09 09 09 09 09 09 09 09 09 09 09 09 09 09 09 09 09 09 09 09 
09 09 09 09 09 09 23 23 23 23 01 09 09 09 09 09 09 09 09 09 09 09 09 09 09 09 09 09 09 09 09 09 
09 09 09 09 09 17 23 23 23 06 23 23 09 09 09 09 09 09 09 09 09 09 01 09 09 09 09 09 01 09 09 09 
09 09 09 09 09 17 23 23 23 06 23 23 09 09 09 09 09 09 09 09 09 09 01 09 09 09 09 09 01 09 09 09 
09 09 09 09 09 01 23 23 23 23 23 23 09 09 09 09 09 09 09 09 09 09 09 09 09 09 09 09 09 09 09 09 
09 09 09 09 09 01 23 23 23 23 23 23 09 09 09 09 09 09 09 09 09 09 09 09 09 09 09 09 09 09 09 09 
09 09 09 09 09 01 23 23 23 23 23 23 09 09 09 09 09 09 09 09 09 09 09 09 09 01 09 09 09 09 09 09 
09 09 09 09 09 01 23 23 23 23 23 23 09 09 09 09 09 09 09 09 09 09 09 09 09 01 09 09 09 09 09 09 
09 09 09 09 17 01 23 23 23 1A 23 23 09 09 09 09 09 09 09 09 09 09 09 09 09 01 09 09 09 09 09 09 
09 09 09 09 17 01 23 23 23 1A 23 23 09 09 09 09 09 09 09 09 09 09 09 09 09 01 09 09 09 09 09 09 
09 09 09 09 01 01 23 23 1A 02 23 23 09 09 09 01 01 09 09 09 09 09 09 09 09 01 09 09 09 09 09 09 
09 09 09 09 01 01 23 23 1A 02 23 23 09 09 09 01 01 09 09 09 09 09 09 09 09 01 09 09 09 09 09 09 
09 09 09 17 01 01 23 23 1A 12 16 23 1C 09 01 09 09 01 09 09 09 09 09 09 09 09 09 09 09 09 09 09 
09 09 09 17 01 01 23 23 1A 12 16 23 1C 09 01 09 09 01 09 09 09 09 09 09 09 09 09 09 09 09 09 09 
09 09 09 17 01 01 23 23 23 23 06 1C 1C 01 09 09 09 09 01 09 09 09 09 09 09 09 09 09 09 09 09 09 
09 09 09 17 01 01 23 23 23 23 06 1C 1C 01 09 09 09 09 01 09 09 09 09 09 09 09 09 09 09 09 09 09 
09 09 09 17 0C 23 1D 1D 1D 1D 06 16 16 01 05 09 09 09 05 09 09 09 09 09 09 09 09 09 09 09 09 09 
09 09 09 17 0C 23 1D 1D 1D 1D 06 16 16 01 05 09 09 09 05 09 09 09 09 09 09 09 09 09 09 09 09 09 
09 09 09 09 23 1D 1D 1D 1D 16 10 06 06 14 01 09 09 09 09 09 09 09 09 09 09 09 09 09 09 09 09 09 
09 09 09 09 23 1D 1D 1D 1D 16 10 06 06 14 01 09 09 09 09 09 09 09 09 09 09 09 09 09 09 09 09 09 
09 09 09 09 1D 1D 1D 06 10 16 16 16 06 14 05 09 09 09 09 09 09 09 09 09 09 09 09 09 09 09 09 09 
09 09 09 09 1D 1D 1D 06 10 16 16 16 06 14 05 09 09 09 09 09 09 09 09 09 09 09 09 09 09 09 09 09 
09 09 09 23 1D 10 10 23 23 23 23 16 16 23 23 09 09 09 09 09 09 09 09 09 09 09 09 09 09 09 09 09 
09 09 09 23 1D 10 10 23 23 23 23 16 16 23 23 09 09 09 09 09 09 09 09 09 09 09 09 09 09 09 09 09 
09 09 09 23 16 23 23 23 23 23 23 23 23 1D 1D 09 09 09 09 09 09 09 09 09 09 09 09 09 09 09 09 09 
09 09 09 23 16 23 23 23 23 23 23 23 23 1D 1D 09 09 09 09 09 09 09 09 09 09 09 09 09 09 09 09 09 
09 09 23 23 23 23 0D 0D 03 0D 0D 23 23 01 23 23 09 09 05 09 09 09 09 09 09 09 09 09 09 09 09 09 
09 09 23 23 23 23 0D 0D 03 0D 0D 23 23 01 23 23 09 09 05 09 09 09 09 09 09 09 09 09 09 09 09 09 
09 23 1D 23 23 0D 03 03 03 03 03 0D 23 01 23 23 09 09 05 09 09 09 09 09 09 09 09 09 09 09 09 09 
09 23 1D 23 23 0D 03 03 03 03 03 0D 23 01 23 23 09 09 05 09 09 09 09 09 09 09 09 09 09 09 09 09 
09 1D 23 23 0D 03 03 03 03 03 03 03 0D 23 01 23 09 05 09 09 09 09 09 09 09 09 09 09 09 09 09 09 
09 1D 23 23 0D 03 03 03 03 03 03 03 0D 23 01 23 09 05 09 09 09 09 09 09 09 09 09 09 09 09 09 09 
09 23 23 23 01 03 1B 01 01 0D 0D 01 03 23 23 05 05 09 09 09 09 09 09 09 09 09 09 09 09 09 09 09 
09 23 23 23 01 03 1B 01 01 0D 0D 01 03 23 23 05 05 09 09 09 09 09 09 09 09 09 09 09 09 09 09 09 
09 23 23 0D 01 01 12 0D 1B 12 12 03 01 23 23 09 09 09 09 09 09 09 09 09 09 09 09 09 09 09 09 09 
09 23 23 0D 01 01 12 0D 1B 12 12 03 01 23 23 09 09 09 09 09 09 09 09 09 09 09 09 09 09 09 09 09 
09 09 23 03 01 03 12 12 12 12 12 03 01 23 23 09 09 09 09 09 09 09 09 09 09 09 09 09 09 09 09 09 
09 09 23 03 01 03 12 12 12 12 12 03 01 23 23 09 09 09 09 09 09 09 09 09 09 09 09 09 09 09 09 09 
09 09 23 03 03 1B 0A 0A 0A 0A 0A 0D 0D 23 09 09 09 09 09 09 09 09 09 09 09 09 09 09 09 09 09 09 
09 09 23 03 03 1B 0A 0A 0A 0A 0A 0D 0D 23 09 09 09 09 09 09 09 09 09 09 09 09 09 09 09 09 09 09 
09 09 23 03 0D 1B 1F 1F 02 1F 1F 0D 01 1B 09 09 09 09 09 09 09 09 09 09 09 09 09 09 09 09 09 09 
09 09 23 03 0D 1B 1F 1F 02 1F 1F 0D 01 1B 09 09 09 09 09 09 09 09 09 09 09 09 09 09 09 09 09 09 
09 09 09 0D 0D 1A 02 02 02 02 02 01 0D 01 09 09 09 09 09 09 09 09 09 09 09 09 09 09 09 09 09 09 
09 09 09 0D 0D 1A 02 02 02 02 02 01 0D 01 09 09 09 09 09 09 09 09 09 09 09 09 09 09 09 09 09 09 
09 09 09 1B 0D 12 0A 02 02 02 0A 01 0D 01 09 09 09 09 09 09 09 09 09 09 09 09 09 09 09 09 09 09 
09 09 09 1B 0D 12 0A 02 02 02 0A 01 0D 01 09 09 09 09 09 09 09 09 09 09 09 09 09 09 09 09 09 09 
09 09 09 03 0D 0D 02 02 02 02 02 01 03 01 09 09 09 09 09 09 09 09 09 09 09 09 09 09 09 09 09 09 
09 09 09 03 0D 0D 02 02 02 02 02 01 03 01 09 09 09 09 09 09 09 09 09 09 09 09 09 09 09 09 09 09 
09 09 1B 03 03 0D 0A 02 12 0F 0F 01 01 09 09 09 09 09 09 09 09 09 09 09 09 09 09 09 09 09 09 09 
09 09 1B 03 03 0D 0A 02 12 0F 0F 01 01 09 09 09 09 09 09 09 09 09 09 09 09 09 09 09 09 09 09 09 
09 09 1B 0D 03 0D 1F 1A 1A 1A 1F 0D 1B 09 09 09 09 09 09 09 09 09 09 09 09 09 09 09 09 09 09 09 
09 09 1B 0D 03 0D 1F 1A 1A 1A 1F 0D 1B 09 09 09 09 09 09 09 09 09 09 09 09 09 09 09 09 09 09 09 
09 09 1B 0D 0F 0F 1E 13 10 13 0D 0D 09 09 09 09 09 09 09 09 09 09 09 09 09 09 09 09 09 09 09 09 
09 09 1B 0D 0F 0F 1E 13 10 13 0D 0D 09 09 09 09 09 09 09 09 09 09 09 09 09 09 09 09 09 09 09 09 
09 09 09 1B 1B 0D 0F 1E 1C 0F 1C 1B 1C 09 09 09 09 09 09 09 09 09 09 09 09 09 09 09 09 09 09 09 
09 09 09 1B 1B 0D 0F 1E 1C 0F 1C 1B 1C 09 09 09 09 09 09 09 09 09 09 09 09 09 09 09 09 09 09 09 
09 09 09 0F 09 16 06 0F 1C 0F 0F 1C 09 1C 09 09 09 09 09 09 09 09 09 09 09 09 09 09 09 09 09 09 
09 09 09 0F 09 16 06 0F 1C 0F 0F 1C 09 1C 09 09 09 09 09 09 09 09 09 09 09 09 09 09 09 09 09 09 
09 09 09 1C 09 06 06 10 06 24 24 09 09 1C 09 09 09 09 09 09 09 09 09 09 09 09 09 09 09 09 09 09 
09 09 09 1C 09 06 06 10 06 24 24 09 09 1C 09 09 09 09 09 09 09 09 09 09 09 09 09 09 09 09 09 09 
09 09 09 09 16 06 10 10 10 1C 1C 16 09 09 09 09 09 09 09 09 09 09 09 09 09 09 09 09 09 09 09 09 
09 09 09 09 16 06 10 10 10 1C 1C 16 09 09 09 09 09 09 09 09 09 09 09 09 09 09 09 09 09 09 09 09 
09 09 09 23 06 06 16 1E 13 13 13 1E 09 09 09 09 09 09 09 09 09 1B 09 09 09 1B 09 09 09 09 09 09 
09 09 09 23 06 06 16 1E 13 13 13 1E 09 09 09 09 09 09 09 09 09 1B 09 09 09 1B 09 09 09 09 09 09 
09 09 09 23 1D 10 1E 13 08 08 08 08 1E 09 09 09 09 09 09 09 09 13 1B 09 1B 0D 09 09 09 09 09 09 
09 09 09 23 1D 10 1E 13 08 08 08 08 1E 09 09 09 09 09 09 09 09 13 1B 09 1B 0D 09 09 09 09 09 09 
09 09 09 1F 1D 1D 1E 08 08 08 08 08 08 1E 09 09 09 09 09 09 09 13 23 23 23 13 09 09 09 09 09 09 
09 09 09 1F 1D 1D 1E 08 08 08 08 08 08 1E 09 09 09 09 09 09 09 13 23 23 23 13 09 09 09 09 09 09 
09 09 09 02 1D 23 13 08 08 13 08 08 13 08 09 09 09 09 09 09 09 23 23 23 23 13 09 09 09 09 09 09 
09 09 09 02 1D 23 13 08 08 13 08 08 13 08 09 09 09 09 09 09 09 23 23 23 23 13 09 09 09 09 09 09 
09 09 09 0A 1F 1E 13 08 08 13 08 08 13 13 09 09 09 09 09 09 09 01 23 23 23 23 09 09 09 09 09 09 
09 09 09 0A 1F 1E 13 08 08 13 08 08 13 13 09 09 09 09 09 09 09 01 23 23 23 23 09 09 09 09 09 09 
09 09 15 1F 15 08 13 08 08 13 1C 08 13 13 1E 09 09 09 09 09 09 23 06 23 23 23 09 09 09 09 09 09 
09 09 15 1F 15 08 13 08 08 13 1C 08 13 13 1E 09 09 09 09 09 09 23 06 23 23 23 09 09 09 09 09 09 
09 09 15 07 0E 08 08 08 13 13 13 1E 13 1C 1E 09 09 09 09 09 23 23 23 23 23 23 17 09 09 09 09 09 
09 09 15 07 0E 08 08 08 13 13 13 1E 13 1C 1E 09 09 09 09 09 23 23 23 23 23 23 17 09 09 09 09 09 
09 09 15 07 15 13 1C 13 1E 1E 13 12 1E 13 1E 09 09 09 09 09 23 23 23 23 23 23 01 17 09 09 09 09 
09 09 15 07 15 13 1C 13 1E 1E 13 12 1E 13 1E 09 09 09 09 09 23 23 23 23 23 23 01 17 09 09 09 09 
09 09 15 07 07 1E 13 13 1F 12 1E 0A 1F 1E 15 09 09 09 09 09 23 23 23 23 23 23 23 23 09 09 09 09 
09 09 15 07 07 1E 13 13 1F 12 1E 0A 1F 1E 15 09 09 09 09 09 23 23 23 23 23 23 23 23 09 09 09 09 
09 09 15 07 07 07 1E 1E 1F 0A 0E 02 1F 0E 15 09 09 09 09 09 23 23 1A 23 23 23 23 23 09 09 09 09 
09 09 15 07 07 07 1E 1E 1F 0A 0E 02 1F 0E 15 09 09 09 09 09 23 23 1A 23 23 23 23 23 09 09 09 09 
09 09 15 11 11 07 0E 0E 23 0A 0E 0A 1F 0E 15 09 09 09 09 09 23 23 02 1A 23 23 23 01 17 09 09 09 
09 09 15 11 11 07 0E 0E 23 0A 0E 0A 1F 0E 15 09 09 09 09 09 23 23 02 1A 23 23 23 01 17 09 09 09 
09 09 15 11 11 07 0E 0E 23 23 0E 1D 0F 0E 15 09 09 09 09 09 23 23 12 1A 23 23 23 0C 17 09 09 09 
09 09 15 11 11 07 0E 0E 23 23 0E 1D 0F 0E 15 09 09 09 09 09 23 23 12 1A 23 23 23 0C 17 09 09 09 
09 09 15 11 11 07 0E 0E 23 0F 0E 1D 0F 0E 15 09 09 09 09 09 09 23 20 23 23 23 23 1C 17 09 09 09 
09 09 15 11 11 07 0E 0E 23 0F 0E 1D 0F 0E 15 09 09 09 09 09 09 23 20 23 23 23 23 1C 17 09 09 09 
09 09 15 07 07 07 0E 0E 23 0F 23 23 1D 0E 15 09 09 09 09 09 1C 23 23 23 23 23 1C 1C 17 09 09 09 
09 09 15 07 07 07 0E 0E 23 0F 23 23 1D 0E 15 09 09 09 09 09 1C 23 23 23 23 23 1C 1C 17 09 09 09 
09 09 15 07 07 07 0E 0E 23 1D 23 23 23 0E 15 09 09 09 09 09 1C 1C 23 23 23 1C 1C 1C 17 09 09 09 
09 09 15 07 07 07 0E 0E 23 1D 23 23 23 0E 15 09 09 09 09 09 1C 1C 23 23 23 1C 1C 1C 17 09 09 09 
09 09 18 07 07 07 15 0E 0E 23 0E 0E 0E 0E 18 09 09 09 09 09 1C 1C 23 1C 23 1C 1C 0C 09 09 09 09 
09 09 18 07 07 07 15 0E 0E 23 0E 0E 0E 0E 18 09 09 09 09 09 1C 1C 23 1C 23 1C 1C 0C 09 09 09 09 
09 09 18 18 18 18 18 18 18 18 18 18 18 18 18 09 09 09 09 09 09 1C 23 1C 23 1C 1C 17 09 09 09 09 
09 09 18 18 18 18 18 18 18 18 18 18 18 18 18 09 09 09 09 09 09 1C 23 1C 23 1C 1C 17 09 09 09 09 
09 09 09 09 09 09 09 09 09 09 09 09 09 09 09 09 09 09 09 09 09 09 09 09 09 09 09 09 09 09 09 09 
09 09 09 09 09 09 09 09 09 09 09 09 09 09 09 09 09 09 09 09 09 09 09 09 09 09 09 09 09 09 09 09 
Plane 1
09 09 09 09 09 09 09 09 09 09 09 09 09 09 09 09 09 09 09 09 09 09 09 09 09 09 09 09 09 09 09 09 
09 09 09 09 09 09 09 09 09 09 09 09 09 09 09 09 09 09 09 09 09 09 09 09 09 09 09 09 09 09 09 09 
09 09 09 09 09 09 09 09 09 09 09 09 09 09 09 09 09 09 09 09 09 09 09 09 09 09 09 09 09 09 09 09 
09 09 09 09 09 09 09 09 09 09 09 09 09 09 09 09 09 09 09 09 09 09 09 09 09 09 09 09 09 09 09 09 
09 09 09 09 09 09 09 09 09 09 09 09 09 09 09 09 09 09 09 09 09 09 09 09 09 01 09 09 09 09 09 09 
09 09 09 09 09 09 09 09 09 09 09 09 09 09 09 09 09 09 09 09 09 09 09 09 09 01 09 09 09 09 09 09 
09 09 09 09 09 09 09 09 09 09 09 09 09 09 09 09 09 09 09 09 09 09 09 09 09 01 09 09 09 09 09 09 
09 09 09 09 09 09 09 09 09 09 09 09 09 09 09 09 09 09 09 09 09 09 09 09 09 01 09 09 09 09 09 09 
09 09 09 09 09 09 09 09 09 09 09 09 09 09 09 09 09 09 09 09 09 09 09 09 09 01 09 09 09 09 09 09 
09 09 09 09 09 09 09 09 09 09 09 09 09 09 09 09 09 09 09 09 09 09 09 09 09 01 09 09 09 09 09 09 
09 09 09 09 09 09 09 09 09 09 09 09 09 09 09 09 09 09 09 09 09 09 09 09 09 09 09 09 09 09 09 09 
09 09 09 09 09 09 09 09 09 09 09 09 09 09 09 09 09 09 09 09 09 09 09 09 09 09 09 09 09 09 09 09 
09 09 09 09 09 09 09 09 09 09 09 09 09 09 09 09 09 09 09 09 09 09 01 09 09 09 09 09 01 09 09 09 
09 09 09 09 09 09 09 09 09 09 09 09 09 09 09 09 09 09 09 09 09 09 01 09 09 09 09 09 01 09 09 09 
09 09 09 09 09 09 09 09 09 09 09 09 09 09 09 09 09 09 09 09 09 09 09 09 09 09 09 09 09 09 09 09 
09 09 09 09 09 09 09 09 09 09 09 09 09 09 09 09 09 09 09 09 09 09 09 09 09 09 09 09 09 09 09 09 
09 09 09 09 09 09 09 09 09 09 09 09 09 09 09 09 09 09 09 09 09 09 09 09 09 09 09 09 09 09 09 09 
09 09 09 09 09 09 09 09 09 09 09 09 09 09 09 09 09 09 09 09 09 09 09 09 09 09 09 09 09 09 09 09 
09 09 09 09 09 09 09 09 09 09 09 09 09 09 09 09 09 09 09 09 09 09 09 09 09 09 09 09 09 09 09 09 
09 09 09 09 09 09 09 09 09 09 09 09 09 09 09 09 09 09 09 09 09 09 09 09 09 09 09 09 09 09 09 09 
09 09 09 09 09 09 1B 09 09 09 1B 09 09 09 09 09 09 09 09 09 09 09 09 09 09 09 09 09 09 09 09 09 
09 09 09 09 09 09 1B 09 09 09 1B 09 09 09 09 09 09 09 09 09 09 09 09 09 09 09 09 09 09 09 09 09 
09 09 09 09 09 09 0D 1B 09 1B 13 09 09 09 09 09 09 09 09 09 09 01 09 09 09 09 09 09 09 01 01 09 
09 09 09 09 09 09 0D 1B 09 1B 13 09 09 09 09 09 09 09 09 09 09 01 09 09 09 09 09 09 09 01 01 09 
09 09 09 09 09 09 13 23 23 23 13 09 09 09 09 09 09 09 09 09 09 09 09 09 09 09 09 09 09 09 09 09 
09 09 09 09 09 09 13 23 23 23 13 09 09 09 09 09 09 09 09 09 09 09 09 09 09 09 09 09 09 09 09 09 
09 09 09 09 09 09 13 23 23 23 23 09 09 09 09 09 09 09 09 09 09 09 09 09 09 09 09 09 09 09 09 09 
09 09 09 09 09 09 13 23 23 23 23 09 09 09 09 09 09 09 09 09 09 09 09 09 09 09 09 09 09 09 09 09 
09 09 09 09 09 09 23 23 23 23 23 09 09 09 09 09 09 09 09 09 09 09 09 09 09 09 09 09 09 09 09 09 
09 09 09 09 09 09 23 23 23 23 23 09 09 09 09 09 09 09 09 09 09 09 09 09 09 09 09 09 09 09 09 09 
09 09 09 09 09 09 23 23 23 23 01 09 09 09 09 09 09 09 09 09 09 09 09 09 09 09 09 09 09 09 09 09 
09 09 09 09 09 09 23 23 23 23 01 09 09 09 09 09 09 09 09 09 09 09 09 09 09 09 09 09 09 09 09 09 
09 09 09 09 09 17 23 23 23 06 23 23 09 09 09 09 09 09 09 09 09 09 01 09 09 09 09 09 01 09 09 09 
09 09 09 09 09 17 23 23 23 06 23 23 09 09 09 09 09 09 09 09 09 09 01 09 09 09 09 09 01 09 09 09 
09 09 09 09 09 01 23 23 23 23 23 23 09 09 09 09 09 09 09 09 09 09 09 09 09 09 09 09 09 09 09 09 
09 09 09 09 09 01 23 23 23 23 23 23 09 09 09 09 09 09 09 09 09 09 09 09 09 09 09 09 09 09 09 09 
09 09 09 09 09 01 23 23 23 23 23 23 09 09 09 09 09 09 09 09 09 09 09 09 09 01 09 09 09 09 09 09 
09 09 09 09 09 01 23 23 23 23 23 23 09 09 09 09 09 09 09 09 09 09 09 09 09 01 09 09 09 09 09 09 
09 09 09 09 17 01 23 23 23 1A 23 23 09 09 09 09 09 09 09 09 09 09 09 09 09 01 09 09 09 09 09 09 
09 09 09 09 17 01 23 23 23 1A 23 23 09 09 09 09 09 09 09 09 09 09 09 09 09 01 09 09 09 09 09 09 
09 09 09 09 01 01 23 23 1A 02 23 23 09 09 09 01 01 09 09 09 09 09 09 09 09 01 09 09 09 09 09 09 
09 09 09 09 01 01 23 23 1A 02 23 23 09 09 09 01 01 09 09 09 09 09 09 09 09 01 09 09 09 09 09 09 
09 09 09 17 01 01 23 23 1A 12 16 23 1C 09 01 09 09 01 09 09 09 09 09 09 09 09 09 09 09 09 09 09 
09 09 09 17 01 01 23 23 1A 12 16 23 1C 09 01 09 09 01 09 09 09 09 09 09 09 09 09 09 09 09 09 09 
09 09 09 17 01 01 23 23 23 23 06 1C 1C 01 09 09 09 09 01 09 09 09 09 09 09 09 09 09 09 09 09 09 
09 09 09 17 01 01 23 23 23 23 06 1C 1C 01 09 09 09 09 01 09 09 09 09 09 09 09 09 09 09 09 09 09 
09 09 09 17 0C 23 1D 1D 1D 1D 06 16 16 01 05 09 09 09 05 09 09 09 09 09 09 09 09 09 09 09 09 09 
09 09 09 17 0C 23 1D 1D 1D 1D 06 16 16 01 05 09 09 09 05 09 09 09 09 09 09 09 09 09 09 09 09 09 
09 09 09 09 23 1D 1D 1D 1D 16 10 06 06 14 01 09 09 09 09 09 09 09 09 09 09 09 09 09 09 09 09 09 
09 09 09 09 23 1D 1D 1D 1D 16 10 06 06 14 01 09 09 09 09 09 09 09 09 09 09 09 09 09 09 09 09 09 
09 09 09 09 1D 1D 1D 06 10 16 16 16 06 14 05 09 09 09 09 09 09 09 09 09 09 09 09 09 09 09 09 09 
09 09 09 09 1D 1D 1D 06 10 16 16 16 06 14 05 09 09 09 09 09 09 09 09 09 09 09 09 09 09 09 09 09 
09 09 09 23 1D 10 10 23 23 23 23 16 16 23 23 09 09 09 09 09 09 09 09 09 09 09 09 09 09 09 09 09 
09 09 09 23 1D 10 10 23 23 23 23 16 16 23 23 09 09 09 09 09 09 09 09 09 09 09 09 09 09 09 09 09 
09 09 09 23 16 23 23 23 23 23 23 23 23 1D 1D 09 09 09 09 09 09 09 09 09 09 09 09 09 09 09 09 09 
09 09 09 23 16 23 23 23 23 23 23 23 23 1D 1D 09 09 09 09 09 09 09 09 09 09 09 09 09 09 09 09 09 
09 09 23 23 23 23 0D 0D 03 0D 0D 23 23 01 23 23 09 09 05 09 09 09 09 09 09 09 09 09 09 09 09 09 
09 09 23 23 23 23 0D 0D 03 0D 0D 23 23 01 23 23 09 09 05 09 09 09 09 09 09 09 09 09 09 09 09 09 
09 23 1D 23 23 0D 03 03 03 03 03 0D 23 01 23 23 09 09 05 09 09 09 09 09 09 09 09 09 09 09 09 09 
09 23 1D 23 23 0D 03 03 03 03 03 0D 23 01 23 23 09 09 05 09 09 09 09 09 09 09 09 09 09 09 09 09 
09 1D 23 23 0D 03 03 03 03 03 03 03 0D 23 01 23 09 05 09 09 09 09 09 09 09 09 09 09 09 09 09 09 
09 1D 23 23 0D 03 03 03 03 03 03 03 0D 23 01 23 09 05 09 09 09 09 09 09 09 09 09 09 09 09 09 09 
09 23 23 23 01 03 1B 01 01 0D 0D 01 03 23 23 05 05 09 09 09 09 09 09 09 09 09 09 09 09 09 09 09 
09 23 23 23 01 03 1B 01 01 0D 0D 01 03 23 23 05 05 09 09 09 09 09 09 09 09 09 09 09 09 09 09 09 
09 23 23 0D 01 01 12 0D 1B 12 12 03 01 23 23 09 09 09 09 09 09 09 09 09 09 09 09 09 09 09 09 09 
09 23 23 0D 01 01 12 0D 1B 12 12 03 01 23 23 09 09 09 09 09 09 09 09 09 09 09 09 09 09 09 09 09 
09 09 23 03 01 03 12 12 12 12 12 03 01 23 23 09 09 09 09 09 09 09 09 09 09 09 09 09 09 09 09 09 
09 09 23 03 01 03 12 12 12 12 12 03 01 23 23 09 09 09 09 09 09 09 09 09 09 09 09 09 09 09 09 09 
09 09 23 03 03 1B 0A 0A 0A 0A 0A 0D 0D 23 09 09 09 09 09 09 09 09 09 09 09 09 09 09 09 09 09 09 
09 09 23 03 03 1B 0A 0A 0A 0A 0A 0D 0D 23 09 09 09 09 09 09 09 09 09 09 09 09 09 09 09 09 09 09 
09 09 23 03 0D 1B 1F 1F 02 1F 1F 0D 01 1B 09 09 09 09 09 09 09 09 09 09 09 09 09 09 09 09 09 09 
09 09 23 03 0D 1B 1F 1F 02 1F 1F 0D 01 1B 09 09 09 09 09 09 09 09 09 09 09 09 09 09 09 09 09 09 
09 09 09 0D 0D 1A 02 02 02 02 02 01 0D 01 09 09 09 09 09 09 09 09 09 09 09 09 09 09 09 09 09 09 
09 09 09 0D 0D 1A 02 02 02 02 02 01 0D 01 09 09 09 09 09 09 09 09 09 09 09 09 09 09 09 09 09 09 
09 09 09 1B 0D 12 0A 02 02 02 0A 01 0D 01 09 09 09 09 09 09 09 09 09 09 09 09 09 09 09 09 09 09 
09 09 09 1B 0D 12 0A 02 02 02 0A 01 0D 01 09 09 09 09 09 09 09 09 09 09 09 09 09 09 09 09 09 09 
09 09 09 03 0D 0D 02 02 02 02 02 01 03 01 09 09 09 09 09 09 09 09 09 09 09 09 09 09 09 09 09 09 
09 09 09 03 0D 0D 02 02 02 02 02 01 03 01 09 09 09 09 09 09 09 09 09 09 09 09 09 09 09 09 09 09 
09 09 1B 03 03 0D 0A 02 12 0F 0F 01 01 09 09 09 09 09 09 09 09 09 09 09 09 09 09 09 09 09 09 09 
09 09 1B 03 03 0D 0A 02 12 0F 0F 01 01 09 09 09 09 09 09 09 09 09 09 09 09 09 09 09 09 09 09 09 
09 09 1B 0D 03 0D 1F 1A 1A 1A 1F 0D 1B 09 09 09 09 09 09 09 09 09 09 09 09 09 09 09 09 09 09 09 
09 09 1B 0D 03 0D 1F 1A 1A 1A 1F 0D 1B 09 09 09 09 09 09 09 09 09 09 09 09 09 09 09 09 09 09 09 
09 09 1B 0D 0F 0F 1E 13 10 13 0D 0D 09 09 09 09 09 09 09 09 09 09 09 09 09 09 09 09 09 09 09 09 
09 09 1B 0D 0F 0F 1E 13 10 13 0D 0D 09 09 09 09 09 09 09 09 09 09 09 09 09 09 09 09 09 09 09 09 
09 09 09 1B 1B 0D 0F 1E 1C 0F 1C 1B 1C 09 09 09 09 09 09 09 09 09 09 09 09 09 09 09 09 09 09 09 
09 09 09 1B 1B 0D 0F 1E 1C 0F 1C 1B 1C 09 09 09 09 09 09 09 09 09 09 09 09 09 09 09 09 09 09 09 
09 09 09 0F 09 16 06 0F 1C 0F 0F 1C 09 1C 09 09 09 09 09 09 09 09 09 09 09 09 09 09 09 09 09 09 
09 09 09 0F 09 16 06 0F 1C 0F 0F 1C 09 1C 09 09 09 09 09 09 09 09 09 09 09 09 09 09 09 09 09 09 
09 09 09 1C 09 06 06 10 06 24 24 09 09 1C 09 09 09 09 09 09 09 09 09 09 09 09 09 09 09 09 09 09 
09 09 09 1C 09 06 06 10 06 24 24 09 09 1C 09 09 09 09 09 09 09 09 09 09 09 09 09 09 09 09 09 09 
09 09 09 09 16 06 10 10 10 1C 1C 16 09 09 09 09 09 09 09 09 09 09 09 09 09 09 09 09 09 09 09 09 
09 09 09 09 16 06 10 10 10 1C 1C 16 09 09 09 09 09 09 09 09 09 09 09 09 09 09 09 09 09 09 09 09 
09 09 09 23 06 06 16 1E 13 13 13 1E 09 09 09 09 09 09 09 09 09 1B 09 09 09 1B 09 09 09 09 09 09 
09 09 09 23 06 06 16 1E 13 13 13 1E 09 09 09 09 09 09 09 09 09 1B 09 09 09 1B 09 09 09 09 09 09 
09 09 09 23 1D 10 1E 13 08 08 08 08 1E 09 09 09 09 09 09 09 09 13 1B 09 1B 0D 09 09 09 09 09 09 
09 09 09 23 1D 10 1E 13 08 08 08 08 1E 09 09 09 09 09 09 09 09 13 1B 09 1B 0D 09 09 09 09 09 09 
09 09 09 1F 1D 1D 1E 08 08 08 08 08 08 1E 09 09 09 09 09 09 09 13 23 23 23 13 09 09 09 09 09 09 
09 09 09 1F 1D 1D 1E 08 08 08 08 08 08 1E 09 09 09 09 09 09 09 13 23 23 23 13 09 09 09 09 09 09 
09 09 09 02 1D 23 13 08 08 13 08 08 13 08 09 09 09 09 09 09 09 23 23 23 23 13 09 09 09 09 09 09 
09 09 09 02 1D 23 13 08 08 13 08 08 13 08 09 09 09 09 09 09 09 23 23 23 23 13 09 09 09 09 09 09 
09 09 09 0A 1F 1E 13 08 08 13 08 08 13 13 09 09 09 09 09 09 09 01 23 23 23 23 09 09 09 09 09 09 
09 09 09 0A 1F 1E 13 08 08 13 08 08 13 13 09 09 09 09 09 09 09 01 23 23 23 23 09 09 09 09 09 09 
09 09 15 1F 15 08 13 08 08 13 1C 08 13 13 1E 09 09 09 09 09 09 23 06 23 23 23 09 09 09 09 09 09 
09 09 15 1F 15 08 13 08 08 13 1C 08 13 13 1E 09 09 09 09 09 09 23 06 23 23 23 09 09 09 09 09 09 
09 09 15 07 0E 08 08 08 13 13 13 1E 13 1C 1E 09 09 09 09 09 23 23 23 23 23 23 17 09 09 09 09 09 
09 09 15 07 0E 08 08 08 13 13 13 1E 13 1C 1E 09 09 09 09 09 23 23 23 23 23 23 17 09 09 09 09 09 
09 09 15 07 15 13 1C 13 1E 1E 13 12 1E 13 1E 09 09 09 09 09 23 23 23 23 23 23 01 17 09 09 09 09 
09 09 15 07 15 13 1C 13 1E 1E 13 12 1E 13 1E 09 09 09 09 09 23 23 23 23 23 23 01 17 09 09 09 09 
09 09 15 07 07 1E 13 13 1F 12 1E 0A 1F 1E 15 09 09 09 09 09 23 23 23 23 23 23 23 23 09 09 09 09 
09 09 15 07 07 1E 13 13 1F 12 1E 0A 1F 1E 15 09 09 09 09 09 23 23 23 23 23 23 23 23 09 09 09 09 
09 09 15 07 07 07 1E 1E 1F 0A 0E 02 1F 0E 15 09 09 09 09 09 23 23 1A 23 23 23 23 23 09 09 09 09 
09 09 15 07 07 07 1E 1E 1F 0A 0E 02 1F 0E 15 09 09 09 09 09 23 23 1A 23 23 23 23 23 09 09 09 09 
09 09 15 11 11 07 0E 0E 23 0A 0E 0A 1F 0E 15 09 09 09 09 09 23 23 02 1A 23 23 23 01 17 09 09 09 
09 09 15 11 11 07 0E 0E 23 0A 0E 0A 1F 0E 15 09 09 09 09 09 23 23 02 1A 23 23 23 01 17 09 09 09 
09 09 15 11 11 07 0E 0E 23 23 0E 1D 0F 0E 15 09 09 09 09 09 23 23 12 1A 23 23 23 0C 17 09 09 09 
09 09 15 11 11 07 0E 0E 23 23 0E 1D 0F 0E 15 09 09 09 09 09 23 23 12 1A 23 23 23 0C 17 09 09 09 
09 09 15 11 11 07 0E 0E 23 0F 0E 1D 0F 0E 15 09 09 09 09 09 09 23 20 23 23 23 23 1C 17 09 09 09 
09 09 15 11 11 07 0E 0E 23 0F 0E 1D 0F 0E 15 09 09 09 09 09 09 23 20 23 23 23 23 1C 17 09 09 09 
09 09 15 07 07 07 0E 0E 23 0F 23 23 1D 0E 15 09 09 09 09 09 1C 23 23 23 23 23 1C 1C 17 09 09 09 
09 09 15 07 07 07 0E 0E 23 0F 23 23 1D 0E 15 09 09 09 09 09 1C 23 23 23 23 23 1C 1C 17 09 09 09 
09 09 15 07 07 07 0E 0E 23 1D 23 23 23 0E 15 09 09 09 09 09 1C 1C 23 23 23 1C 1C 1C 17 09 09 09 
09 09 15 07 07 07 0E 0E 23 1D 23 23 23 0E 15 09 09 09 09 09 1C 1C 23 23 23 1C 1C 1C 17 09 09 09 
09 09 18 07 07 07 15 0E 0E 23 0E 0E 0E 0E 18 09 09 09 09 09 1C 1C 23 1C 23 1C 1C 0C 09 09 09 09 
09 09 18 07 07 07 15 0E 0E 23 0E 0E 0E 0E 18 09 09 09 09 09 1C 1C 23 1C 23 1C 1C 0C 09 09 09 09 
09 09 18 18 18 18 18 18 18 18 18 18 18 18 18 09 09 09 09 09 09 1C 23 1C 23 1C 1C 17 09 09 09 09 
09 09 18 18 18 18 18 18 18 18 18 18 18 18 18 09 09 09 09 09 09 1C 23 1C 23 1C 1C 17 09 09 09 09 
09 09 09 09 09 09 09 09 09 09 09 09 09 09 09 09 09 09 09 09 09 09 09 09 09 09 09 09 09 09 09 09 
09 09 09 09 09 09 09 09 09 09 09 09 09 09 09 09 09 09 09 09 09 09 09 09 09 09 09 09 09 09 09 09 
Plane 2
09 09 09 09 09 09 09 09 09 09 09 09 09 09 09 09 09 09 09 09 09 09 09 09 09 09 09 09 09 09 09 09 
09 09 09 09 09 09 09 09 09 09 09 09 09 09 09 09 09 09 09 09 09 09 09 09 09 09 09 09 09 09 09 09 
09 09 09 09 09 09 09 09 09 09 09 09 09 09 09 09 09 09 09 09 09 09 09 09 09 09 09 09 09 09 09 09 
09 09 09 09 09 09 09 09 09 09 09 09 09 09 09 09 09 09 09 09 09 09 09 09 09 09 09 09 09 09 09 09 
09 09 09 09 09 09 09 09 09 09 09 09 09 09 09 09 09 09 09 09 09 09 09 09 09 09 09 09 09 09 09 09 
09 09 09 09 09 09 09 09 09 09 09 09 09 09 09 09 09 09 09 09 09 09 09 09 09 09 09 09 09 09 09 09 
09 09 09 09 09 09 09 09 09 09 09 09 09 09 09 09 09 09 09 09 09 09 09 09 09 09 09 09 09 09 09 09 
09 09 09 09 09 09 09 09 09 09 09 09 09 09 09 09 09 09 09 09 09 09 09 09 09 09 09 09 09 09 09 09 
09 09 09 09 09 09 09 09 09 09 09 09 09 09 09 09 09 09 09 09 09 09 09 09 09 09 09 09 09 09 09 09 
09 09 09 09 09 09 09 09 09 09 09 09 09 09 09 09 09 09 09 09 09 09 09 09 09 09 09 09 09 09 09 09 
09 09 09 09 09 09 09 09 09 09 09 09 09 09 09 09 09 09 09 09 09 01 09 09 09 09 09 09 01 09 09 09 
09 09 09 09 09 09 09 09 09 09 09 09 09 09 09 09 09 09 09 09 09 01 09 09 09 09 09 09 01 09 09 09 
09 09 09 09 09 09 09 09 09 09 09 09 09 09 09 09 09 09 09 09 09 09 09 09 09 09 09 09 09 09 09 09 
09 09 09 09 09 09 09 09 09 09 09 09 09 09 09 09 09 09 09 09 09 09 09 09 09 09 09 09 09 09 09 09 
09 09 09 09 09 09 09 09 09 09 09 09 09 09 09 09 09 09 09 09 09 09 01 09 09 09 09 01 09 09 09 09 
09 09 09 09 09 09 09 09 09 09 09 09 09 09 09 09 09 09 09 09 09 09 01 09 09 09 09 01 09 09 09 09 
09 09 09 09 09 09 09 09 09 09 09 09 09 09 09 09 09 09 09 09 09 09 09 09 09 09 09 09 09 09 09 09 
09 09 09 09 09 09 09 09 09 09 09 09 09 09 09 09 09 09 09 09 09 09 09 09 09 09 09 09 09 09 09 09 
09 09 09 09 09 09 09 09 09 09 09 09 09 09 09 09 09 09 09 09 09 09 09 09 09 09 09 09 09 09 09 09 
09 09 09 09 09 09 09 09 09 09 09 09 09 09 09 09 09 09 09 09 09 09 09 09 09 09 09 09 09 09 09 09 
09 09 09 09 09 1B 1B 09 09 09 1B 09 09 09 09 09 09 09 09 09 09 09 09 09 09 09 09 09 09 09 09 09 
09 09 09 09 09 1B 1B 09 09 09 1B 09 09 09 09 09 09 09 09 09 09 09 09 09 09 09 09 09 09 09 09 09 
09 09 09 09 09 1B 0D 1B 09 13 1B 09 09 09 09 09 09 09 09 09 01 01 09 09 09 09 09 09 09 01 09 09 
09 09 09 09 09 1B 0D 1B 09 13 1B 09 09 09 09 09 09 09 09 09 01 01 09 09 09 09 09 09 09 01 09 09 
09 09 09 09 09 1B 13 23 23 23 1B 09 09 09 09 09 09 09 09 09 09 09 09 09 09 09 09 09 09 09 09 09 
09 09 09 09 09 1B 13 23 23 23 1B 09 09 09 09 09 09 09 09 09 09 09 09 09 09 09 09 09 09 09 09 09 
09 09 09 09 09 1B 23 23 23 23 1B 09 09 09 09 09 09 09 09 09 09 09 09 09 09 09 09 09 09 09 09 09 
09 09 09 09 09 1B 23 23 23 23 1B 09 09 09 09 09 09 09 09 09 09 09 09 09 09 09 09 09 09 09 09 09 
09 09 09 09 09 1B 23 23 23 23 23 09 09 09 09 09 09 09 09 09 09 09 09 09 09 09 09 09 09 09 09 09 
09 09 09 09 09 1B 23 23 23 23 23 09 09 09 09 09 09 09 09 09 09 09 09 09 09 09 09 09 09 09 09 09 
09 09 09 09 09 23 23 01 23 23 23 09 09 09 09 09 09 09 09 09 09 09 01 09 09 09 09 01 09 09 09 09 
09 09 09 09 09 23 23 01 23 23 23 09 09 09 09 09 09 09 09 09 09 09 01 09 09 09 09 01 09 09 09 09 
09 09 09 09 09 17 23 23 06 23 23 09 09 09 09 09 09 09 09 09 09 09 09 09 09 09 09 09 09 09 09 09 
09 09 09 09 09 17 23 23 06 23 23 09 09 09 09 09 09 09 09 09 09 09 09 09 09 09 09 09 09 09 09 09 
09 09 09 09 17 0C 23 23 23 23 23 09 09 09 09 09 09 09 09 09 09 01 09 09 09 09 09 09 01 09 09 09 
09 09 09 09 17 0C 23 23 23 23 23 09 09 09 09 09 09 09 09 09 09 01 09 09 09 09 09 09 01 09 09 09 
09 09 09 09 17 23 23 23 23 23 23 1C 09 09 09 09 09 09 09 09 09 09 09 09 09 09 09 09 09 09 09 09 
09 09 09 09 17 23 23 23 23 23 23 1C 09 09 09 09 09 09 09 09 09 09 09 09 09 09 09 09 09 09 09 09 
09 09 09 09 01 23 23 23 1A 23 23 1C 09 09 09 09 09 09 09 09 09 09 09 09 09 09 09 09 09 09 09 09 
09 09 09 09 01 23 23 23 1A 23 23 1C 09 09 09 09 09 09 09 09 09 09 09 09 09 09 09 09 09 09 09 09 
09 09 09 17 01 23 23 23 23 20 23 1C 09 09 01 01 01 09 09 09 09 09 09 09 09 09 09 09 09 09 09 09 
09 09 09 17 01 23 23 23 23 20 23 1C 09 09 01 01 01 09 09 09 09 09 09 09 09 09 09 09 09 09 09 09 
09 09 09 01 01 23 23 23 23 16 16 1C 09 01 09 09 09 01 09 09 09 09 09 09 09 09 09 09 09 09 09 09 
09 09 09 01 01 23 23 23 23 16 16 1C 09 01 09 09 09 01 09 09 09 09 09 09 09 09 09 09 09 09 09 09 
09 09 09 01 01 23 23 23 23 16 16 1C 09 09 09 09 09 09 09 09 09 09 09 09 09 09 09 09 09 09 09 09 
09 09 09 01 01 23 23 23 23 16 16 1C 09 09 09 09 09 09 09 09 09 09 09 09 09 09 09 09 09 09 09 09 
09 09 09 0C 23 1D 1D 1D 1D 16 06 16 16 09 09 09 09 09 09 09 09 09 09 09 09 09 09 09 09 09 09 09 
09 09 09 0C 23 1D 1D 1D 1D 16 06 16 16 09 09 09 09 09 09 09 09 09 09 09 09 09 09 09 09 09 09 09 
09 09 09 17 1D 1D 1D 1D 1D 10 16 16 01 05 05 09 09 09 05 09 09 09 09 09 09 09 09 09 09 09 09 09 
09 09 09 17 1D 1D 1D 1D 1D 10 16 16 01 05 05 09 09 09 05 09 09 09 09 09 09 09 09 09 09 09 09 09 
09 09 09 23 1D 1D 10 06 10 16 16 10 01 14 09 09 09 09 05 09 09 09 09 09 09 09 09 09 09 09 09 09 
09 09 09 23 1D 1D 10 06 10 16 16 10 01 14 09 09 09 09 05 09 09 09 09 09 09 09 09 09 09 09 09 09 
09 09 09 1D 16 10 23 23 23 23 23 10 01 23 09 09 09 09 05 09 09 09 09 09 09 09 09 09 09 09 09 09 
09 09 09 1D 16 10 23 23 23 23 23 10 01 23 09 09 09 09 05 09 09 09 09 09 09 09 09 09 09 09 09 09 
09 09 09 1D 23 23 23 23 23 23 23 23 01 1D 23 09 09 09 05 09 09 09 09 09 09 09 09 09 09 09 09 09 
09 09 09 1D 23 23 23 23 23 23 23 23 01 1D 23 09 09 09 05 09 09 09 09 09 09 09 09 09 09 09 09 09 
09 23 23 23 23 0D 0D 03 03 0D 23 23 23 23 1D 09 09 09 09 09 09 09 09 09 09 09 09 09 09 09 09 09 
09 23 23 23 23 0D 0D 03 03 0D 23 23 23 23 1D 09 09 09 09 09 09 09 09 09 09 09 09 09 09 09 09 09 
09 1D 1D 23 0D 03 0D 03 0D 03 03 0D 23 23 23 09 09 09 09 09 09 09 09 09 09 09 09 09 09 09 09 09 
09 1D 1D 23 0D 03 0D 03 0D 03 03 0D 23 23 23 09 09 09 09 09 09 09 09 09 09 09 09 09 09 09 09 09 
09 23 23 23 03 03 1B 03 0D 03 03 01 23 01 23 09 09 05 09 09 09 09 09 09 09 09 09 09 09 09 09 09 
09 23 23 23 03 03 1B 03 0D 03 03 01 23 01 23 09 09 05 09 09 09 09 09 09 09 09 09 09 09 09 09 09 
09 23 23 0D 03 03 12 01 1B 01 01 01 23 23 05 05 05 09 09 09 09 09 09 09 09 09 09 09 09 09 09 09 
09 23 23 0D 03 03 12 01 1B 01 01 01 23 23 05 05 05 09 09 09 09 09 09 09 09 09 09 09 09 09 09 09 
09 23 23 01 01 1B 12 03 12 0D 0D 01 0D 23 23 09 09 09 09 09 09 09 09 09 09 09 09 09 09 09 09 09 
09 23 23 01 01 1B 12 03 12 0D 0D 01 0D 23 23 09 09 09 09 09 09 09 09 09 09 09 09 09 09 09 09 09 
09 23 0D 01 0D 1B 12 0D 12 12 1B 03 0D 23 09 09 09 09 09 09 09 09 09 09 09 09 09 09 09 09 09 09 
09 23 0D 01 0D 1B 12 0D 12 12 1B 03 0D 23 09 09 09 09 09 09 09 09 09 09 09 09 09 09 09 09 09 09 
09 23 0D 03 0D 0A 0A 0A 0A 0A 1A 03 03 09 09 09 09 09 09 09 09 09 09 09 09 09 09 09 09 09 09 09 
09 23 0D 03 0D 0A 0A 0A 0A 0A 1A 03 03 09 09 09 09 09 09 09 09 09 09 09 09 09 09 09 09 09 09 09 
09 09 1B 0D 0D 1F 1F 02 02 1F 1F 01 01 09 09 09 09 09 09 09 09 09 09 09 09 09 09 09 09 09 09 09 
09 09 1B 0D 0D 1F 1F 02 02 1F 1F 01 01 09 09 09 09 09 09 09 09 09 09 09 09 09 09 09 09 09 09 09 
09 09 1B 0D 0D 0A 02 02 02 02 1A 01 0D 1B 09 09 09 09 09 09 09 09 09 09 09 09 09 09 09 09 09 09 
09 09 1B 0D 0D 0A 02 02 02 02 1A 01 0D 1B 09 09 09 09 09 09 09 09 09 09 09 09 09 09 09 09 09 09 
09 09 09 03 03 0A 02 02 02 02 0A 1F 1B 09 09 09 09 09 09 09 09 09 09 09 09 09 09 09 09 09 09 09 
09 09 09 03 03 0A 02 02 02 02 0A 1F 1B 09 09 09 09 09 09 09 09 09 09 09 09 09 09 09 09 09 09 09 
09 09 1B 03 03 12 02 0A 02 02 0A 1F 1B 09 09 09 09 09 09 09 09 09 09 09 09 09 09 09 09 09 09 09 
09 09 1B 03 03 12 02 0A 02 02 0A 1F 1B 09 09 09 09 09 09 09 09 09 09 09 09 09 09 09 09 09 09 09 
09 09 03 0D 03 0D 02 02 0F 0F 0F 01 01 09 09 09 09 09 09 09 09 09 09 09 09 09 09 09 09 09 09 09 
09 09 03 0D 03 0D 02 02 0F 0F 0F 01 01 09 09 09 09 09 09 09 09 09 09 09 09 09 09 09 09 09 09 09 
09 09 03 0D 0D 0D 1F 1A 1A 1F 1F 0D 09 09 09 09 09 09 09 09 09 09 09 09 09 09 09 09 09 09 09 09 
09 09 03 0D 0D 0D 1F 1A 1A 1F 1F 0D 09 09 09 09 09 09 09 09 09 09 09 09 09 09 09 09 09 09 09 09 
09 09 03 1B 0F 0F 13 1E 1E 13 0D 1B 09 09 09 09 09 09 09 09 09 09 09 09 09 09 09 09 09 09 09 09 
09 09 03 1B 0F 0F 13 1E 1E 13 0D 1B 09 09 09 09 09 09 09 09 09 09 09 09 09 09 09 09 09 09 09 09 
09 09 1B 0F 0D 16 1E 10 10 0F 0D 1C 1C 09 09 09 09 09 09 09 09 09 09 09 09 09 09 09 09 09 09 09 
09 09 1B 0F 0D 16 1E 10 10 0F 0D 1C 1C 09 09 09 09 09 09 09 09 09 09 09 09 09 09 09 09 09 09 09 
09 09 09 09 1B 06 0F 1C 1C 0F 1C 09 09 09 09 09 09 09 09 09 09 09 09 09 09 09 09 09 09 09 09 09 
09 09 09 09 1B 06 0F 1C 1C 0F 1C 09 09 09 09 09 09 09 09 09 09 09 09 09 09 09 09 09 09 09 09 09 
09 09 09 09 16 06 16 06 1C 24 1C 09 09 09 09 09 09 09 09 09 09 09 09 09 09 09 09 09 09 09 09 09 
09 09 09 09 16 06 16 06 1C 24 1C 09 09 09 09 09 09 09 09 09 09 09 09 09 09 09 09 09 09 09 09 09 
09 09 09 16 06 06 16 10 10 1C 10 09 1C 09 09 09 09 09 09 09 09 09 09 09 09 09 09 09 09 09 09 09 
09 09 09 16 06 06 16 10 10 1C 10 09 1C 09 09 09 09 09 09 09 09 09 09 09 09 09 09 09 09 09 09 09 
09 09 09 1D 06 10 1E 13 13 13 13 1E 1C 09 09 09 09 09 09 09 1B 09 09 09 1B 1B 09 09 09 09 09 09 
09 09 09 1D 06 10 1E 13 13 13 13 1E 1C 09 09 09 09 09 09 09 1B 09 09 09 1B 1B 09 09 09 09 09 09 
09 09 09 1D 06 10 13 08 08 08 08 08 1C 09 09 09 09 09 09 09 1B 13 09 1B 0D 1B 09 09 09 09 09 09 
09 09 09 1D 06 10 13 08 08 08 08 08 1C 09 09 09 09 09 09 09 1B 13 09 1B 0D 1B 09 09 09 09 09 09 
09 09 09 1D 1D 10 13 08 08 08 08 13 1E 09 09 09 09 09 09 09 1B 23 23 23 13 1B 09 09 09 09 09 09 
09 09 09 1D 1D 10 13 08 08 08 08 13 1E 09 09 09 09 09 09 09 1B 23 23 23 13 1B 09 09 09 09 09 09 
09 09 1F 02 1D 1E 08 08 08 08 08 13 08 1E 09 09 09 09 09 09 1B 23 23 23 23 1B 09 09 09 09 09 09 
09 09 1F 02 1D 1E 08 08 08 08 08 13 08 1E 09 09 09 09 09 09 1B 23 23 23 23 1B 09 09 09 09 09 09 
09 09 1F 0A 23 13 08 08 08 13 08 08 13 1E 09 09 09 09 09 09 23 23 23 01 23 1B 09 09 09 09 09 09 
09 09 1F 0A 23 13 08 08 08 13 08 08 13 1E 09 09 09 09 09 09 23 23 23 01 23 1B 09 09 09 09 09 09 
09 09 1F 1F 1E 08 08 13 08 1C 08 08 13 13 09 09 09 09 09 09 23 23 06 23 23 23 09 09 09 09 09 09 
09 09 1F 1F 1E 08 08 13 08 1C 08 08 13 13 09 09 09 09 09 09 23 23 06 23 23 23 09 09 09 09 09 09 
09 09 07 0E 1E 1C 13 13 13 13 13 1E 1C 13 09 09 09 09 09 09 23 23 23 23 23 17 17 09 09 09 09 09 
09 09 07 0E 1E 1C 13 13 13 13 13 1E 1C 13 09 09 09 09 09 09 23 23 23 23 23 17 17 09 09 09 09 09 
09 09 07 15 1E 08 13 13 1E 13 1E 12 13 13 09 09 09 09 09 09 23 23 23 23 23 0C 0C 09 09 09 09 09 
09 09 07 15 1E 08 13 13 1E 13 1E 12 13 13 09 09 09 09 09 09 23 23 23 23 23 0C 0C 09 09 09 09 09 
09 09 07 07 07 13 13 1E 12 1E 1F 0A 1E 1E 09 09 09 09 09 09 23 23 23 23 23 23 23 09 09 09 09 09 
09 09 07 07 07 13 13 1E 12 1E 1F 0A 1E 1E 09 09 09 09 09 09 23 23 23 23 23 23 23 09 09 09 09 09 
09 09 07 13 07 1E 1E 0E 02 1F 1F 0A 0E 0E 09 09 09 09 09 09 23 23 1A 23 23 23 23 17 09 09 09 09 
09 09 07 13 07 1E 1E 0E 02 1F 1F 0A 0E 0E 09 09 09 09 09 09 23 23 1A 23 23 23 23 17 09 09 09 09 
09 09 07 11 07 07 0E 0E 02 1F 23 12 0E 0E 09 09 09 09 09 09 23 20 23 23 23 23 23 01 09 09 09 09 
09 09 07 11 07 07 0E 0E 02 1F 23 12 0E 0E 09 09 09 09 09 09 23 20 23 23 23 23 23 01 09 09 09 09 
09 09 07 11 07 07 0E 0E 23 23 23 0F 23 0E 09 09 09 09 09 09 23 20 23 23 23 23 1C 01 09 09 09 09 
09 09 07 11 07 07 0E 0E 23 23 23 0F 23 0E 09 09 09 09 09 09 23 20 23 23 23 23 1C 01 09 09 09 09 
09 09 07 11 07 07 0E 0E 1D 0F 23 0F 23 0E 09 09 09 09 09 09 23 23 20 23 23 23 1C 01 09 09 09 09 
09 09 07 11 07 07 0E 0E 1D 0F 23 0F 23 0E 09 09 09 09 09 09 23 23 20 23 23 23 1C 01 09 09 09 09 
09 09 07 07 07 07 0E 0E 1D 0F 0E 1D 23 0E 09 09 09 09 09 09 1C 23 23 23 23 23 1C 0C 09 09 09 09 
09 09 07 07 07 07 0E 0E 1D 0F 0E 1D 23 0E 09 09 09 09 09 09 1C 23 23 23 23 23 1C 0C 09 09 09 09 
09 09 07 07 07 07 0E 0E 23 1D 0E 23 23 0E 09 09 09 09 09 09 1C 23 23 23 23 1C 1C 0C 09 09 09 09 
09 09 07 07 07 07 0E 0E 23 1D 0E 23 23 0E 09 09 09 09 09 09 1C 23 23 23 23 1C 1C 0C 09 09 09 09 
09 09 07 07 07 07 0E 0E 23 23 0E 0E 0E 0E 09 09 09 09 09 09 1C 1C 1C 1C 1C 1C 1C 17 09 09 09 09 
09 09 07 07 07 07 0E 0E 23 23 0E 0E 0E 0E 09 09 09 09 09 09 1C 1C 1C 1C 1C 1C 1C 17 09 09 09 09 
09 09 18 18 18 15 18 18 18 18 18 18 18 18 09 09 09 09 09 09 1C 1C 1C 1C 1C 1C 1C 09 09 09 09 09 
09 09 18 18 18 15 18 18 18 18 18 18 18 18 09 09 09 09 09 09 1C 1C 1C 1C 1C 1C 1C 09 09 09 09 09 
09 09 09 09 09 09 09 09 09 09 09 09 09 09 09 09 09 09 09 09 09 09 09 09 09 09 09 09 09 09 09 09 
09 09 09 09 09 09 09 09 09 09 09 09 09 09 09 09 09 09 09 09 09 09 09 09 09 09 09 09 09 09 09 09 
Plane 3
09 09 09 09 09 09 09 09 09 09 09 09 09 09 09 09 09 09 09 09 09 09 09 09 09 09 09 09 09 09 09 09 
09 09 09 09 09 09 09 09 09 09 09 09 09 09 09 09 09 09 09 09 09 09 09 09 09 09 09 09 09 09 09 09 
09 09 09 09 09 09 09 09 09 09 09 09 09 09 09 09 09 09 09 09 09 09 09 09 09 09 09 09 09 09 09 09 
09 09 09 09 09 09 09 09 09 09 09 09 09 09 09 09 09 09 09 09 09 09 09 09 09 09 09 09 09 09 09 09 
09 09 09 09 09 09 09 09 09 09 09 09 09 09 09 09 09 09 09 09 09 09 09 09 09 09 09 09 09 09 09 09 
09 09 09 09 09 09 09 09 09 09 09 09 09 09 09 09 09 09 09 09 09 09 09 09 09 09 09 09 09 09 09 09 
09 09 09 09 09 09 09 09 09 09 09 09 09 09 09 09 09 09 09 09 09 09 09 09 09 09 09 09 09 09 09 09 
09 09 09 09 09 09 09 09 09 09 09 09 09 09 09 09 09 09 09 09 09 09 09 09 09 09 09 09 09 09 09 09 
09 09 09 09 09 09 09 09 09 09 09 09 09 09 09 09 09 09 09 09 09 09 09 09 09 09 09 09 09 09 09 09 
09 09 09 09 09 09 09 09 09 09 09 09 09 09 09 09 09 09 09 09 09 09 09 09 09 09 09 09 09 09 09 09 
09 09 09 09 09 09 09 09 09 09 09 09 09 09 09 09 09 09 09 09 09 01 09 09 09 09 09 09 01 09 09 09 
09 09 09 09 09 09 09 09 09 09 09 09 09 09 09 09 09 09 09 09 09 01 09 09 09 09 09 09 01 09 09 09 
09 09 09 09 09 09 09 09 09 09 09 09 09 09 09 09 09 09 09 09 09 09 09 09 09 09 09 09 09 09 09 09 
09 09 09 09 09 09 09 09 09 09 09 09 09 09 09 09 09 09 09 09 09 09 09 09 09 09 09 09 09 09 09 09 
09 09 09 09 09 09 09 09 09 09 09 09 09 09 09 09 09 09 09 09 09 09 01 09 09 09 09 01 09 09 09 09 
09 09 09 09 09 09 09 09 09 09 09 09 09 09 09 09 09 09 09 09 09 09 01 09 09 09 09 01 09 09 09 09 
09 09 09 09 09 09 09 09 09 09 09 09 09 09 09 09 09 09 09 09 09 09 09 09 09 09 09 09 09 09 09 09 
09 09 09 09 09 09 09 09 09 09 09 09 09 09 09 09 09 09 09 09 09 09 09 09 09 09 09 09 09 09 09 09 
09 09 09 09 09 09 09 09 09 09 09 09 09 09 09 09 09 09 09 09 09 09 09 09 09 09 09 09 09 09 09 09 
09 09 09 09 09 09 09 09 09 09 09 09 09 09 09 09 09 09 09 09 09 09 09 09 09 09 09 09 09 09 09 09 
09 09 09 09 09 1B 1B 09 09 09 1B 09 09 09 09 09 09 09 09 09 09 09 09 09 09 09 09 09 09 09 09 09 
09 09 09 09 09 1B 1B 09 09 09 1B 09 09 09 09 09 09 09 09 09 09 09 09 09 09 09 09 09 09 09 09 09 
09 09 09 09 09 1B 0D 1B 09 13 1B 09 09 09 09 09 09 09 09 09 01 01 09 09 09 09 09 09 09 01 09 09 
09 09 09 09 09 1B 0D 1B 09 13 1B 09 09 09 09 09 09 09 09 09 01 01 09 09 09 09 09 09 09 01 09 09 
09 09 09 09 09 1B 13 23 23 23 1B 09 09 09 09 09 09 09 09 09 09 09 09 09 09 09 09 09 09 09 09 09 
09 09 09 09 09 1B 13 23 23 23 1B 09 09 09 09 09 09 09 09 09 09 09 09 09 09 09 09 09 09 09 09 09 
09 09 09 09 09 1B 23 23 23 23 1B 09 09 09 09 09 09 09 09 09 09 09 09 09 09 09 09 09 09 09 09 09 
09 09 09 09 09 1B 23 23 23 23 1B 09 09 09 09 09 09 09 09 09 09 09 09 09 09 09 09 09 09 09 09 09 
09 09 09 09 09 1B 23 23 23 23 23 09 09 09 09 09 09 09 09 09 09 09 09 09 09 09 09 09 09 09 09 09 
09 09 09 09 09 1B 23 23 23 23 23 09 09 09 09 09 09 09 09 09 09 09 09 09 09 09 09 09 09 09 09 09 
09 09 09 09 09 23 23 01 23 23 23 09 09 09 09 09 09 09 09 09 09 09 01 09 09 09 09 01 09 09 09 09 
09 09 09 09 09 23 23 01 23 23 23 09 09 09 09 09 09 09 09 09 09 09 01 09 09 09 09 01 09 09 09 09 
09 09 09 09 09 17 23 23 06 23 23 09 09 09 09 09 09 09 09 09 09 09 09 09 09 09 09 09 09 09 09 09 
09 09 09 09 09 17 23 23 06 23 23 09 09 09 09 09 09 09 09 09 09 09 09 09 09 09 09 09 09 09 09 09 
09 09 09 09 17 0C 23 23 23 23 23 09 09 09 09 09 09 09 09 09 09 01 09 09 09 09 09 09 01 09 09 09 
09 09 09 09 17 0C 23 23 23 23 23 09 09 09 09 09 09 09 09 09 09 01 09 09 09 09 09 09 01 09 09 09 
09 09 09 09 17 23 23 23 23 23 23 1C 09 09 09 09 09 09 09 09 09 09 09 09 09 09 09 09 09 09 09 09 
09 09 09 09 17 23 23 23 23 23 23 1C 09 09 09 09 09 09 09 09 09 09 09 09 09 09 09 09 09 09 09 09 
09 09 09 09 01 23 23 23 1A 23 23 1C 09 09 09 09 09 09 09 09 09 09 09 09 09 09 09 09 09 09 09 09 
09 09 09 09 01 23 23 23 1A 23 23 1C 09 09 09 09 09 09 09 09 09 09 09 09 09 09 09 09 09 09 09 09 
09 09 09 17 01 23 23 23 23 20 23 1C 09 09 01 01 01 09 09 09 09 09 09 09 09 09 09 09 09 09 09 09 
09 09 09 17 01 23 23 23 23 20 23 1C 09 09 01 01 01 09 09 09 09 09 09 09 09 09 09 09 09 09 09 09 
09 09 09 01 01 23 23 23 23 16 16 1C 09 01 09 09 09 01 09 09 09 09 09 09 09 09 09 09 09 09 09 09 
09 09 09 01 01 23 23 23 23 16 16 1C 09 01 09 09 09 01 09 09 09 09 09 09 09 09 09 09 09 09 09 09 
09 09 09 01 01 23 23 23 23 16 16 1C 09 09 09 09 09 09 09 09 09 09 09 09 09 09 09 09 09 09 09 09 
09 09 09 01 01 23 23 23 23 16 16 1C 09 09 09 09 09 09 09 09 09 09 09 09 09 09 09 09 09 09 09 09 
09 09 09 0C 23 1D 1D 1D 1D 16 06 16 16 09 09 09 09 09 09 09 09 09 09 09 09 09 09 09 09 09 09 09 
09 09 09 0C 23 1D 1D 1D 1D 16 06 16 16 09 09 09 09 09 09 09 09 09 09 09 09 09 09 09 09 09 09 09 
09 09 09 17 1D 1D 1D 1D 1D 10 16 16 01 05 05 09 09 09 05 09 09 09 09 09 09 09 09 09 09 09 09 09 
09 09 09 17 1D 1D 1D 1D 1D 10 16 16 01 05 05 09 09 09 05 09 09 09 09 09 09 09 09 09 09 09 09 09 
09 09 09 23 1D 1D 10 06 10 16 16 10 01 14 09 09 09 09 05 09 09 09 09 09 09 09 09 09 09 09 09 09 
09 09 09 23 1D 1D 10 06 10 16 16 10 01 14 09 09 09 09 05 09 09 09 09 09 09 09 09 09 09 09 09 09 
09 09 09 1D 16 10 23 23 23 23 23 10 01 23 09 09 09 09 05 09 09 09 09 09 09 09 09 09 09 09 09 09 
09 09 09 1D 16 10 23 23 23 23 23 10 01 23 09 09 09 09 05 09 09 09 09 09 09 09 09 09 09 09 09 09 
09 09 09 1D 23 23 23 23 23 23 23 23 01 1D 23 09 09 09 05 09 09 09 09 09 09 09 09 09 09 09 09 09 
09 09 09 1D 23 23 23 23 23 23 23 23 01 1D 23 09 09 09 05 09 09 09 09 09 09 09 09 09 09 09 09 09 
09 23 23 23 23 0D 0D 03 03 0D 23 23 23 23 1D 09 09 09 09 09 09 09 09 09 09 09 09 09 09 09 09 09 
09 23 23 23 23 0D 0D 03 03 0D 23 23 23 23 1D 09 09 09 09 09 09 09 09 09 09 09 09 09 09 09 09 09 
09 1D 1D 23 0D 03 0D 03 0D 03 03 0D 23 23 23 09 09 09 09 09 09 09 09 09 09 09 09 09 09 09 09 09 
09 1D 1D 23 0D 03 0D 03 0D 03 03 0D 23 23 23 09 09 09 09 09 09 09 09 09 09 09 09 09 09 09 09 09 
09 23 23 23 03 03 1B 03 0D 03 03 01 23 01 23 09 09 05 09 09 09 09 09 09 09 09 09 09 09 09 09 09 
09 23 23 23 03 03 1B 03 0D 03 03 01 23 01 23 09 09 05 09 09 09 09 09 09 09 09 09 09 09 09 09 09 
09 23 23 0D 03 03 12 01 1B 01 01 01 23 23 05 05 05 09 09 09 09 09 09 09 09 09 09 09 09 09 09 09 
09 23 23 0D 03 03 12 01 1B 01 01 01 23 23 05 05 05 09 09 09 09 09 09 09 09 09 09 09 09 09 09 09 
09 23 23 01 01 1B 12 03 12 0D 0D 01 0D 23 23 09 09 09 09 09 09 09 09 09 09 09 09 09 09 09 09 09 
09 23 23 01 01 1B 12 03 12 0D 0D 01 0D 23 23 09 09 09 09 09 09 09 09 09 09 09 09 09 09 09 09 09 
09 23 0D 01 0D 1B 12 0D 12 12 1B 03 0D 23 09 09 09 09 09 09 09 09 09 09 09 09 09 09 09 09 09 09 
09 23 0D 01 0D 1B 12 0D 12 12 1B 03 0D 23 09 09 09 09 09 09 09 09 09 09 09 09 09 09 09 09 09 09 
09 23 0D 03 0D 0A 0A 0A 0A 0A 1A 03 03 09 09 09 09 09 09 09 09 09 09 09 09 09 09 09 09 09 09 09 
09 23 0D 03 0D 0A 0A 0A 0A 0A 1A 03 03 09 09 09 09 09 09 09 09 09 09 09 09 09 09 09 09 09 09 09 
09 09 1B 0D 0D 1F 1F 02 02 1F 1F 01 01 09 09 09 09 09 09 09 09 09 09 09 09 09 09 09 09 09 09 09 
09 09 1B 0D 0D 1F 1F 02 02 1F 1F 01 01 09 09 09 09 09 09 09 09 09 09 09 09 09 09 09 09 09 09 09 
09 09 1B 0D 0D 0A 02 02 02 02 1A 01 0D 1B 09 09 09 09 09 09 09 09 09 09 09 09 09 09 09 09 09 09 
09 09 1B 0D 0D 0A 02 02 02 02 1A 01 0D 1B 09 09 09 09 09 09 09 09 09 09 09 09 09 09 09 09 09 09 
09 09 09 03 03 0A 02 02 02 02 0A 1F 1B 09 09 09 09 09 09 09 09 09 09 09 09 09 09 09 09 09 09 09 
09 09 09 03 03 0A 02 02 02 02 0A 1F 1B 09 09 09 09 09 09 09 09 09 09 09 09 09 09 09 09 09 09 09 
09 09 1B 03 03 12 02 0A 02 02 0A 1F 1B 09 09 09 09 09 09 09 09 09 09 09 09 09 09 09 09 09 09 09 
09 09 1B 03 03 12 02 0A 02 02 0A 1F 1B 09 09 09 09 09 09 09 09 09 09 09 09 09 09 09 09 09 09 09 
09 09 03 0D 03 0D 02 02 0F 0F 0F 01 01 09 09 09 09 09 09 09 09 09 09 09 09 09 09 09 09 09 09 09 
09 09 03 0D 03 0D 02 02 0F 0F 0F 01 01 09 09 09 09 09 09 09 09 09 09 09 09 09 09 09 09 09 09 09 
09 09 03 0D 0D 0D 1F 1A 1A 1F 1F 0D 09 09 09 09 09 09 09 09 09 09 09 09 09 09 09 09 09 09 09 09 
09 09 03 0D 0D 0D 1F 1A 1A 1F 1F 0D 09 09 09 09 09 09 09 09 09 09 09 09 09 09 09 09 09 09 09 09 
09 09 03 1B 0F 0F 13 1E 1E 13 0D 1B 09 09 09 09 09 09 09 09 09 09 09 09 09 09 09 09 09 09 09 09 
09 09 03 1B 0F 0F 13 1E 1E 13 0D 1B 09 09 09 09 09 09 09 09 09 09 09 09 09 09 09 09 09 09 09 09 
09 09 1B 0F 0D 16 1E 10 10 0F 0D 1C 1C 09 09 09 09 09 09 09 09 09 09 09 09 09 09 09 09 09 09 09 
09 09 1B 0F 0D 16 1E 10 10 0F 0D 1C 1C 09 09 09 09 09 09 09 09 09 09 09 09 09 09 09 09 09 09 09 
09 09 09 09 1B 06 0F 1C 1C 0F 1C 09 09 09 09 09 09 09 09 09 09 09 09 09 09 09 09 09 09 09 09 09 
09 09 09 09 1B 06 0F 1C 1C 0F 1C 09 09 09 09 09 09 09 09 09 09 09 09 09 09 09 09 09 09 09 09 09 
09 09 09 09 16 06 16 06 1C 24 1C 09 09 09 09 09 09 09 09 09 09 09 09 09 09 09 09 09 09 09 09 09 
09 09 09 09 16 06 16 06 1C 24 1C 09 09 09 09 09 09 09 09 09 09 09 09 09 09 09 09 09 09 09 09 09 
09 09 09 16 06 06 16 10 10 1C 10 09 1C 09 09 09 09 09 09 09 09 09 09 09 09 09 09 09 09 09 09 09 
09 09 09 16 06 06 16 10 10 1C 10 09 1C 09 09 09 09 09 09 09 09 09 09 09 09 09 09 09 09 09 09 09 
09 09 09 1D 06 10 1E 13 13 13 13 1E 1C 09 09 09 09 09 09 09 1B 09 09 09 1B 1B 09 09 09 09 09 09 
09 09 09 1D 06 10 1E 13 13 13 13 1E 1C 09 09 09 09 09 09 09 1B 09 09 09 1B 1B 09 09 09 09 09 09 
09 09 09 1D 06 10 13 08 08 08 08 08 1C 09 09 09 09 09 09 09 1B 13 09 1B 0D 1B 09 09 09 09 09 09 
09 09 09 1D 06 10 13 08 08 08 08 08 1C 09 09 09 09 09 09 09 1B 13 09 1B 0D 1B 09 09 09 09 09 09 
09 09 09 1D 1D 10 13 08 08 08 08 13 1E 09 09 09 09 09 09 09 1B 23 23 23 13 1B 09 09 09 09 09 09 
09 09 09 1D 1D 10 13 08 08 08 08 13 1E 09 09 09 09 09 09 09 1B 23 23 23 13 1B 09 09 09 09 09 09 
09 09 1F 02 1D 1E 08 08 08 08 08 13 08 1E 09 09 09 09 09 09 1B 23 23 23 23 1B 09 09 09 09 09 09 
09 09 1F 02 1D 1E 08 08 08 08 08 13 08 1E 09 09 09 09 09 09 1B 23 23 23 23 1B 09 09 09 09 09 09 
09 09 1F 0A 23 13 08 08 08 13 08 08 13 1E 09 09 09 09 09 09 23 23 23 01 23 1B 09 09 09 09 09 09 
09 09 1F 0A 23 13 08 08 08 13 08 08 13 1E 09 09 09 09 09 09 23 23 23 01 23 1B 09 09 09 09 09 09 
09 09 1F 1F 1E 08 08 13 08 1C 08 08 13 13 09 09 09 09 09 09 23 23 06 23 23 23 09 09 09 09 09 09 
09 09 1F 1F 1E 08 08 13 08 1C 08 08 13 13 09 09 09 09 09 09 23 23 06 23 23 23 09 09 09 09 09 09 
09 09 07 0E 1E 1C 13 13 13 13 13 1E 1C 13 09 09 09 09 09 09 23 23 23 23 23 17 17 09 09 09 09 09 
09 09 07 0E 1E 1C 13 13 13 13 13 1E 1C 13 09 09 09 09 09 09 23 23 23 23 23 17 17 09 09 09 09 09 
09 09 07 15 1E 08 13 13 1E 13 1E 12 13 13 09 09 09 09 09 09 23 23 23 23 23 0C 0C 09 09 09 09 09 
09 09 07 15 1E 08 13 13 1E 13 1E 12 13 13 09 09 09 09 09 09 23 23 23 23 23 0C 0C 09 09 09 09 09 
09 09 07 07 07 13 13 1E 12 1E 1F 0A 1E 1E 09 09 09 09 09 09 23 23 23 23 23 23 23 09 09 09 09 09 
09 09 07 07 07 13 13 1E 12 1E 1F 0A 1E 1E 09 09 09 09 09 09 23 23 23 23 23 23 23 09 09 09 09 09 
09 09 07 13 07 1E 1E 0E 02 1F 1F 0A 0E 0E 09 09 09 09 09 09 23 23 1A 23 23 23 23 17 09 09 09 09 
09 09 07 13 07 1E 1E 0E 02 1F 1F 0A 0E 0E 09 09 09 09 09 09 23 23 1A 23 23 23 23 17 09 09 09 09 
09 09 07 11 07 07 0E 0E 02 1F 23 12 0E 0E 09 09 09 09 09 09 23 20 23 23 23 23 23 01 09 09 09 09 
09 09 07 11 07 07 0E 0E 02 1F 23 12 0E 0E 09 09 09 09 09 09 23 20 23 23 23 23 23 01 09 09 09 09 
09 09 07 11 07 07 0E 0E 23 23 23 0F 23 0E 09 09 09 09 09 09 23 20 23 23 23 23 1C 01 09 09 09 09 
09 09 07 11 07 07 0E 0E 23 23 23 0F 23 0E 09 09 09 09 09 09 23 20 23 23 23 23 1C 01 09 09 09 09 
09 09 07 11 07 07 0E 0E 1D 0F 23 0F 23 0E 09 09 09 09 09 09 23 23 20 23 23 23 1C 01 09 09 09 09 
09 09 07 11 07 07 0E 0E 1D 0F 23 0F 23 0E 09 09 09 09 09 09 23 23 20 23 23 23 1C 01 09 09 09 09 
09 09 07 07 07 07 0E 0E 1D 0F 0E 1D 23 0E 09 09 09 09 09 09 1C 23 23 23 23 23 1C 0C 09 09 09 09 
09 09 07 07 07 07 0E 0E 1D 0F 0E 1D 23 0E 09 09 09 09 09 09 1C 23 23 23 23 23 1C 0C 09 09 09 09 
09 09 07 07 07 07 0E 0E 23 1D 0E 23 23 0E 09 09 09 09 09 09 1C 23 23 23 23 1C 1C 0C 09 09 09 09 
09 09 07 07 07 07 0E 0E 23 1D 0E 23 23 0E 09 09 09 09 09 09 1C 23 23 23 23 1C 1C 0C 09 09 09 09 
09 09 07 07 07 07 0E 0E 23 23 0E 0E 0E 0E 09 09 09 09 09 09 1C 1C 1C 1C 1C 1C 1C 17 09 09 09 09 
09 09 07 07 07 07 0E 0E 23 23 0E 0E 0E 0E 09 09 09 09 09 09 1C 1C 1C 1C 1C 1C 1C 17 09 09 09 09 
09 09 18 18 18 15 18 18 18 18 18 18 18 18 09 09 09 09 09 09 1C 1C 1C 1C 1C 1C 1C 09 09 09 09 09 
09 09 18 18 18 15 18 18 18 18 18 18 18 18 09 09 09 09 09 09 1C 1C 1C 1C 1C 1C 1C 09 09 09 09 09 
09 09 09 09 09 09 09 09 09 09 09 09 09 09 09 09 09 09 09 09 09 09 09 09 09 09 09 09 09 09 09 09 
09 09 09 09 09 09 09 09 09 09 09 09 09 09 09 09 09 09 09 09 09 09 09 09 09 09 09 09 09 09 09 09 
