Plane 0
00 00 00 00 00 00 00 00 00 00 00 00 00 00 00 00 00 00 
00 00 00 00 00 00 00 00 01 04 00 00 00 00 00 00 00 00 
00 00 01 04 00 00 00 00 04 04 00 00 00 00 01 04 00 00 
00 00 04 04 00 00 00 00 04 04 00 00 00 00 04 04 00 00 
00 00 04 04 00 00 00 00 07 04 00 00 00 00 04 04 00 00 
00 00 07 04 00 00 00 00 07 01 04 00 00 00 07 04 00 00 
00 00 0A 01 04 00 00 00 0A 04 0D 04 00 00 07 01 04 00 
00 00 04 04 0D 04 00 00 01 04 0D 07 00 00 0A 04 0D 00 
00 00 01 04 0D 07 00 01 0D 04 07 0A 00 00 01 04 0D 07 
00 01 11 04 07 04 00 04 01 11 07 04 00 01 11 04 07 0A 
00 04 01 11 07 00 00 07 01 01 07 00 00 04 01 11 07 07 
00 07 01 01 07 00 00 07 01 01 01 00 00 07 01 01 07 00 
00 07 01 01 01 00 00 04 04 01 05 00 00 07 01 01 01 00 
00 04 04 01 05 00 00 00 04 01 08 00 00 04 04 01 05 00 
00 00 04 01 09 00 00 00 05 09 09 00 00 00 04 01 08 00 
00 00 05 09 08 00 00 00 09 09 08 00 00 00 05 09 09 00 
00 00 08 09 08 00 00 00 09 09 01 00 00 00 09 09 09 00 
00 00 05 08 01 00 00 00 01 08 07 00 00 00 08 09 05 00 
00 00 01 05 07 00 00 00 04 01 07 00 00 00 08 05 07 00 
00 00 04 01 07 00 00 00 04 04 07 00 00 00 04 01 07 00 
00 00 07 04 07 00 00 00 01 01 07 00 00 00 04 04 07 00 
00 00 01 01 07 00 00 00 04 07 16 00 00 00 01 01 16 00 
00 00 04 07 1B 00 00 00 04 07 15 00 00 00 15 07 15 00 
00 00 04 07 16 00 00 00 04 04 04 00 00 00 04 07 00 00 
00 00 04 04 04 00 00 00 04 04 04 00 00 00 04 07 04 00 
00 00 07 04 04 00 00 00 07 04 07 00 00 00 04 04 04 00 
00 00 07 04 07 00 00 00 07 04 07 00 00 00 07 04 07 00 
00 00 07 04 07 00 00 00 07 07 00 00 00 00 07 04 07 00 
00 00 07 07 00 00 00 00 06 0B 00 00 00 00 04 07 00 00 
00 00 06 0B 00 00 00 00 00 00 00 00 00 00 00 0B 00 00 
00 00 00 00 00 00 00 00 00 00 00 00 00 00 00 06 00 00 
00 00 00 00 00 00 00 00 00 00 00 00 00 00 00 00 00 00 
00 00 00 00 00 00 00 00 00 00 00 00 00 00 00 00 00 00 
00 00 00 00 00 00 00 00 00 00 00 00 00 00 00 00 00 00 
00 00 00 00 00 00 00 00 04 00 00 00 00 00 00 00 00 00 
00 00 04 00 00 00 00 00 07 00 00 00 00 00 04 00 00 00 
00 00 07 00 00 00 00 01 07 11 00 00 00 01 07 00 00 00 
00 01 07 11 00 00 00 01 04 11 04 00 00 01 07 04 00 00 
00 01 04 11 04 00 00 01 01 0D 07 00 00 01 04 11 04 00 
00 01 01 0D 07 00 00 00 01 11 07 00 00 00 01 0D 07 00 
00 00 01 11 07 00 00 01 0D 0D 0A 00 00 00 01 11 07 00 
00 01 0D 0D 0A 00 00 04 04 07 04 00 00 01 11 0D 0A 00 
00 04 04 07 04 00 00 04 07 04 10 00 00 04 04 07 04 00 
00 04 07 04 09 00 00 01 04 08 08 00 00 04 07 04 10 00 
00 01 04 08 08 00 00 00 08 09 05 00 00 01 01 08 08 00 
00 00 09 09 08 00 00 00 08 02 15 00 00 00 08 09 05 00 
00 00 09 02 15 00 00 00 08 15 16 00 00 00 08 02 15 00 
00 00 08 15 16 00 00 00 09 08 00 00 00 00 08 15 16 00 
00 09 10 08 00 00 00 08 10 09 00 00 00 00 08 08 00 00 
00 00 09 09 00 00 00 00 08 05 00 00 00 00 05 09 00 00 
00 00 05 05 00 00 00 00 01 04 00 00 00 00 08 05 00 00 
00 00 01 04 00 00 00 00 04 01 00 00 00 00 01 01 00 00 
00 00 04 01 00 00 00 00 04 04 00 00 00 00 04 04 00 00 
00 00 04 04 00 00 00 00 07 07 00 00 00 00 04 04 00 00 
00 00 04 07 00 00 00 00 04 07 00 00 00 00 07 04 00 00 
00 00 04 07 00 00 00 00 04 07 00 00 00 00 04 01 00 00 
00 00 1B 0A 00 00 00 00 0A 0A 00 00 00 00 04 1B 00 00 
00 00 15 0A 00 00 00 00 04 07 07 00 00 00 04 15 00 00 
00 00 04 07 07 00 00 00 04 07 04 00 00 00 04 07 07 00 
00 00 04 07 04 00 00 00 04 04 00 00 00 00 04 07 04 00 
00 00 07 04 06 00 00 00 04 04 00 00 00 00 04 04 00 00 
00 00 00 04 00 00 00 00 00 06 00 00 00 00 04 04 00 00 
00 00 00 00 00 00 00 00 00 00 00 00 00 00 00 00 00 00 
00 00 00 00 00 00 00 00 00 00 00 00 00 00 00 00 00 00 
00 00 00 00 00 00 00 00 00 00 00 00 00 00 00 00 00 00 
00 00 00 00 00 00 00 00 00 04 00 00 00 00 00 00 00 00 
00 00 00 04 00 00 00 00 00 04 01 00 00 00 00 04 00 00 
00 00 00 04 01 00 00 00 00 04 01 00 00 00 00 04 01 00 
00 00 00 04 01 00 00 00 04 0A 11 00 00 00 00 04 01 00 
00 00 04 0A 11 00 00 00 04 04 11 00 00 00 04 0A 11 00 
00 00 04 0D 11 00 00 00 0D 11 11 00 00 00 04 0D 11 00 
00 00 0D 11 11 00 00 04 0D 11 0D 00 00 00 0D 11 11 00 
00 04 0D 11 11 00 00 07 07 01 01 04 00 04 0D 11 01 04 
00 0A 07 01 01 04 00 0A 01 04 01 04 00 07 07 11 01 04 
00 07 10 04 01 04 00 04 09 10 09 04 00 07 07 04 01 04 
00 00 09 10 09 04 00 00 08 10 05 00 00 0A 04 10 09 00 
00 00 08 10 05 00 00 00 09 09 08 00 00 00 08 10 05 00 
00 00 09 09 08 00 00 08 02 19 05 00 00 00 09 09 08 00 
00 08 02 19 05 00 00 00 14 1B 03 00 00 08 02 19 05 00 
00 00 14 1B 03 00 00 00 05 1B 04 00 00 00 14 1B 05 00 
00 00 05 1B 05 00 00 00 07 18 04 00 00 00 05 1B 04 00 
00 00 07 18 04 00 00 00 01 1C 01 00 00 00 07 18 01 00 
00 00 01 1C 01 00 00 00 04 0A 07 00 00 00 01 1C 07 00 
00 00 04 0A 07 00 00 00 04 0A 07 00 00 00 04 0A 07 00 
00 00 04 0A 07 00 00 00 01 01 07 00 00 00 04 0A 07 00 
00 00 01 01 07 00 00 00 07 0A 16 00 00 00 04 01 15 00 
00 00 07 0A 1B 00 00 00 07 0A 15 00 00 00 15 07 01 00 
00 00 07 0A 15 00 00 00 07 0A 07 00 00 00 07 0A 04 00 
00 00 07 0A 07 00 00 00 07 0A 07 00 00 00 07 0A 07 00 
00 00 07 0A 07 00 00 00 07 07 07 00 00 00 07 0A 07 00 
00 00 07 07 04 00 00 00 04 07 04 00 00 00 07 07 07 00 
00 00 04 07 04 00 00 00 04 04 00 00 00 00 04 07 04 00 
00 00 06 04 00 00 00 00 06 0B 00 00 00 00 04 04 00 00 
00 00 06 06 00 00 00 00 00 00 00 00 00 00 00 0C 00 00 
00 00 00 00 00 00 00 00 00 00 00 00 00 00 00 06 00 00 
00 00 00 00 00 00 00 00 00 00 00 00 00 00 00 00 00 00 
00 00 00 00 00 00 00 00 00 00 00 00 00 00 00 00 00 00 
00 00 00 00 00 00 00 00 00 00 00 00 00 00 00 00 00 00 
00 00 00 00 00 00 00 00 00 00 04 00 00 00 00 00 00 00 
00 00 00 00 04 00 00 00 00 04 04 00 00 00 00 00 04 00 
00 00 00 04 07 01 00 00 00 07 07 01 00 00 00 04 04 00 
00 00 00 07 07 01 00 00 04 07 01 01 00 00 00 0D 07 01 
00 00 04 07 01 00 00 07 04 04 01 00 00 00 04 07 01 01 
00 07 04 04 01 00 00 04 07 0D 01 00 00 07 04 04 01 00 
00 04 07 0D 01 00 00 00 0A 11 11 00 00 04 07 0D 01 00 
00 00 0A 11 11 00 00 00 04 11 01 01 00 00 0A 11 11 00 
00 00 04 11 01 01 00 00 08 07 04 04 00 00 04 11 01 01 
00 00 08 11 04 04 00 00 09 09 01 04 00 00 08 07 04 04 
00 00 09 09 01 04 00 00 15 05 09 00 00 00 09 09 01 04 
00 00 15 05 09 00 00 00 19 08 09 00 00 00 15 05 08 00 
00 00 19 08 09 00 00 00 1B 09 08 00 00 00 19 08 08 00 
00 00 1B 09 08 00 00 00 16 08 05 00 00 00 1B 09 05 00 
00 00 16 08 10 00 00 00 00 05 05 00 00 00 16 08 05 00 
00 00 00 05 05 00 00 00 00 07 03 00 00 00 00 05 08 00 
00 00 00 07 03 00 00 00 01 04 07 00 00 00 00 07 03 00 
00 00 01 04 07 00 00 00 01 01 01 00 00 00 01 04 07 00 
00 00 01 01 01 00 00 00 04 04 07 00 00 00 01 01 01 00 
00 00 04 07 07 00 00 00 00 04 00 00 00 00 04 04 07 00 
00 00 00 07 00 00 00 00 00 01 00 00 00 00 00 04 00 00 
00 00 00 07 00 00 00 00 01 01 04 00 00 00 00 07 00 00 
00 00 01 19 04 00 00 00 07 16 04 00 00 00 07 0A 16 00 
00 00 07 16 04 00 00 00 07 07 04 00 00 00 07 0A 04 00 
00 00 07 07 04 00 00 00 04 07 04 00 00 00 07 07 04 00 
00 00 04 07 04 00 00 00 04 04 07 00 00 00 04 07 04 00 
00 00 04 04 04 00 00 00 00 04 00 00 00 00 06 04 07 00 
00 00 00 04 06 00 00 00 00 06 00 00 00 00 06 04 00 00 
00 00 00 00 00 00 00 00 00 00 00 00 00 00 00 00 00 00 
00 00 00 00 00 00 00 00 00 00 00 00 00 00 00 00 00 00 
Plane 1
00 00 00 00 00 00 00 00 00 00 00 00 00 00 00 00 00 00 
00 00 00 00 00 00 00 00 01 00 00 00 00 00 00 00 00 00 
00 00 01 00 00 00 00 00 04 04 00 00 00 00 01 00 00 00 
00 00 04 04 00 00 00 00 04 07 00 00 00 00 04 04 00 00 
00 00 07 07 00 00 00 00 04 04 00 00 00 00 04 07 00 00 
00 04 0A 04 00 00 00 00 0A 04 04 00 00 00 07 04 00 00 
00 04 07 04 04 00 00 00 0A 04 04 00 00 00 0A 04 04 00 
00 00 01 04 04 04 00 01 01 04 07 04 00 00 0A 04 04 00 
00 01 01 04 07 07 00 01 0D 04 07 00 00 01 01 04 07 00 
00 01 0D 04 07 00 00 01 0D 11 07 00 00 01 0D 04 07 00 
00 01 0D 11 07 00 00 07 01 04 07 00 00 01 0D 11 07 00 
00 07 01 04 07 00 00 04 01 01 01 00 00 07 01 04 07 00 
00 04 01 01 01 00 00 04 04 12 08 00 00 04 01 01 01 00 
00 04 04 12 08 00 00 00 04 01 05 00 00 04 04 12 08 00 
00 00 04 01 05 00 00 00 09 08 00 00 00 00 04 05 05 00 
00 00 09 08 08 00 00 00 08 08 09 00 00 00 09 08 00 00 
00 00 09 08 09 00 00 09 08 05 09 00 00 09 08 08 00 00 
00 00 09 09 05 00 00 00 08 05 04 00 00 08 08 08 08 00 
00 08 08 08 04 00 00 00 04 01 01 00 00 00 05 04 01 00 
00 00 04 01 01 00 00 00 01 04 01 00 00 00 04 01 01 00 
00 01 01 04 01 00 00 01 04 01 07 00 00 00 01 04 07 00 
00 15 04 01 07 00 00 15 04 07 1B 00 00 01 04 01 19 00 
00 00 04 07 1B 00 00 00 07 07 15 00 00 15 04 07 15 00 
00 00 07 07 16 00 00 00 04 07 04 00 00 00 07 07 00 00 
00 00 04 07 04 00 00 04 04 04 04 00 00 00 07 07 00 00 
00 04 04 04 04 00 00 07 04 04 04 00 00 04 04 04 04 00 
00 07 04 04 04 00 00 00 04 04 07 00 00 07 04 04 04 00 
00 00 04 04 07 00 00 00 07 07 00 00 00 00 04 04 07 00 
00 00 07 07 00 00 00 00 0C 0E 00 00 00 00 07 07 00 00 
00 00 0C 00 00 00 00 00 06 06 00 00 00 00 00 0E 00 00 
00 00 06 00 00 00 00 00 00 00 00 00 00 00 00 06 00 00 
00 00 00 00 00 00 00 00 00 00 00 00 00 00 00 00 00 00 
00 00 00 00 00 00 00 00 00 00 00 00 00 00 00 00 00 00 
00 00 00 00 00 00 00 00 00 00 00 00 00 00 00 00 00 00 
00 00 00 00 00 00 00 00 04 00 00 00 00 00 00 00 00 00 
00 00 04 00 00 00 00 01 0A 00 00 00 00 00 04 00 00 00 
00 01 0A 00 00 00 00 04 0A 11 00 00 00 01 0A 00 00 00 
00 04 0A 0D 00 00 00 04 07 11 00 00 00 04 0A 11 00 00 
00 04 07 11 00 00 00 01 04 11 07 00 00 01 07 11 00 00 
00 01 04 11 07 00 00 11 11 0D 0A 00 00 01 04 11 07 00 
00 11 11 0D 0A 00 00 04 11 07 07 00 00 11 11 0D 0A 00 
00 04 11 07 07 00 00 04 0D 07 04 00 00 04 0D 07 07 00 
00 04 0D 07 04 00 00 01 07 04 09 00 00 04 04 07 04 00 
00 01 0D 04 09 00 00 01 04 05 10 00 00 01 07 04 09 00 
00 01 04 05 09 00 00 09 05 02 09 00 00 01 04 05 10 00 
00 08 05 02 10 00 00 09 05 17 05 00 00 09 05 02 08 00 
00 08 05 17 09 00 00 08 09 1C 00 00 00 09 05 17 00 00 
00 09 09 1C 00 00 00 08 08 1B 00 00 00 05 09 1C 00 00 
00 10 08 1B 00 00 00 09 05 07 00 00 00 05 09 1B 00 00 
00 00 08 07 00 00 00 00 09 04 00 00 00 08 10 07 00 00 
00 00 05 04 00 00 00 00 04 01 00 00 00 00 08 04 00 00 
00 00 01 01 00 00 00 00 01 07 00 00 00 00 04 01 00 00 
00 00 07 07 00 00 00 00 04 0A 00 00 00 00 01 07 00 00 
00 00 07 0A 00 00 00 00 04 07 00 00 00 00 04 0A 00 00 
00 00 07 07 00 00 00 00 01 0A 00 00 00 00 04 07 00 00 
00 00 07 0A 00 00 00 00 01 0A 00 00 00 00 01 0A 00 00 
00 00 19 0A 00 00 00 00 16 0A 00 00 00 00 07 15 00 00 
00 00 15 07 00 00 00 07 15 07 00 00 00 07 07 15 00 00 
00 07 07 07 00 00 00 07 07 07 00 00 00 07 07 07 00 00 
00 07 04 07 00 00 00 00 04 04 00 00 00 07 04 04 00 00 
00 00 04 04 00 00 00 00 04 04 00 00 00 06 04 04 00 00 
00 00 04 06 00 00 00 00 06 06 00 00 00 00 04 00 00 00 
00 00 00 00 00 00 00 00 00 00 00 00 00 00 00 00 00 00 
00 00 00 00 00 00 00 00 00 00 00 00 00 00 00 00 00 00 
00 00 00 00 00 00 00 00 00 00 00 00 00 00 00 00 00 00 
00 00 00 00 00 00 00 00 00 04 00 00 00 00 00 00 00 00 
00 00 00 04 00 00 00 00 00 04 00 00 00 00 00 04 00 00 
00 00 00 04 00 00 00 00 04 04 01 00 00 00 00 04 00 00 
00 00 04 04 01 00 00 00 07 07 01 00 00 00 04 04 01 00 
00 00 07 07 01 00 00 00 04 04 0D 00 00 00 07 07 01 00 
00 00 04 04 0D 00 00 04 04 0D 11 00 00 00 04 04 0D 00 
00 04 04 0D 11 00 00 07 11 0D 11 00 00 00 04 0D 11 00 
00 07 11 0D 11 00 00 07 07 01 01 00 00 04 11 11 0D 00 
00 0A 07 01 01 00 00 0A 01 01 01 04 00 07 07 01 01 04 
00 0A 01 01 01 04 00 04 08 09 05 00 00 07 01 01 01 00 
00 04 08 09 05 00 00 05 10 08 09 00 00 0A 08 09 01 00 
00 05 10 08 09 00 00 08 02 02 03 00 00 05 10 08 09 00 
00 08 02 02 03 00 00 08 17 0F 03 00 00 08 02 02 03 00 
00 08 17 0F 03 00 00 00 1C 13 00 00 00 08 17 0F 03 00 
00 00 1C 13 00 00 00 00 14 19 05 00 00 00 1C 13 00 00 
00 00 14 19 05 00 00 00 0A 07 01 00 00 00 14 19 05 00 
00 00 0A 07 00 00 00 00 07 04 04 00 00 00 0A 07 04 00 
00 00 07 04 04 00 00 00 01 01 01 00 00 00 07 04 04 00 
00 00 01 01 01 00 00 00 01 0A 01 00 00 00 01 01 01 00 
00 01 01 0A 01 00 00 01 07 04 07 00 00 00 01 0A 07 00 
00 15 07 04 07 00 00 15 0A 07 1B 00 00 01 07 04 19 00 
00 00 0A 07 1B 00 00 00 0A 0A 15 00 00 15 0A 0A 15 00 
00 00 0A 0A 16 00 00 00 0A 0A 07 00 00 00 0A 0A 00 00 
00 00 0A 0A 07 00 00 04 07 07 07 00 00 00 0A 0A 07 00 
00 04 07 07 04 00 00 04 07 07 04 00 00 04 07 07 07 00 
00 04 07 07 04 00 00 00 07 07 04 00 00 04 07 07 04 00 
00 00 04 07 00 00 00 00 04 04 00 00 00 00 07 07 04 00 
00 00 04 04 00 00 00 00 0E 0C 00 00 00 00 04 04 00 00 
00 00 0C 00 00 00 00 00 06 06 00 00 00 00 00 0E 00 00 
00 00 0B 00 00 00 00 00 00 00 00 00 00 00 00 0B 00 00 
00 00 00 00 00 00 00 00 00 00 00 00 00 00 00 00 00 00 
00 00 00 00 00 00 00 00 00 00 00 00 00 00 00 00 00 00 
00 00 00 00 00 00 00 00 00 00 00 00 00 00 00 00 00 00 
00 00 00 00 00 00 00 00 00 04 00 00 00 00 00 00 00 00 
00 00 00 04 04 00 00 00 00 0A 04 00 00 00 00 04 00 00 
00 00 00 0A 04 00 00 00 00 07 04 00 00 00 00 0A 04 00 
00 00 00 07 04 00 00 00 0D 07 01 00 00 00 00 07 04 00 
00 00 11 07 01 00 00 07 11 07 01 00 00 00 04 07 01 00 
00 07 11 07 01 00 00 07 07 11 01 00 00 07 11 07 01 00 
00 07 11 11 01 00 00 04 07 11 11 00 00 07 07 11 01 00 
00 04 07 11 11 00 00 00 07 11 01 00 00 04 07 11 11 00 
00 00 07 11 01 00 00 08 04 11 01 04 00 00 07 11 01 00 
00 08 04 04 01 04 00 08 09 04 01 00 00 08 04 07 01 04 
00 08 09 04 01 00 00 00 02 09 08 00 00 08 09 04 01 00 
00 09 02 09 08 00 00 09 0F 09 08 00 00 00 02 09 09 00 
00 05 0F 09 08 00 00 00 13 05 09 00 00 00 0F 09 09 00 
00 00 13 05 09 00 00 00 1B 05 10 00 00 00 13 05 09 00 
00 00 1B 03 09 00 00 00 15 03 05 00 00 00 1B 05 08 00 
00 00 15 03 09 00 00 00 1C 07 00 00 00 00 15 03 05 00 
00 00 1C 07 00 00 00 00 1A 04 00 00 00 00 1C 07 00 00 
00 00 1A 04 00 00 00 00 0A 01 00 00 00 00 1A 04 00 00 
00 00 0A 01 00 00 00 00 0A 07 00 00 00 00 0A 01 00 00 
00 00 0A 07 00 00 00 00 01 07 00 00 00 00 0A 07 00 00 
00 00 01 04 00 00 00 00 01 07 00 00 00 00 01 04 00 00 
00 00 04 04 00 00 00 00 07 07 00 00 00 00 07 04 00 00 
00 00 0A 01 00 00 00 00 07 1B 04 00 00 00 0A 15 00 00 
00 00 07 07 04 00 00 00 07 15 04 00 00 00 07 07 04 00 
00 00 07 07 04 00 00 00 07 07 07 00 00 00 07 07 04 00 
00 00 04 07 07 00 00 00 04 04 07 00 00 00 07 07 07 00 
00 00 04 04 07 00 00 00 04 04 00 00 00 00 04 04 07 00 
00 00 00 04 06 00 00 00 00 06 00 00 00 00 06 04 00 00 
00 00 00 00 00 00 00 00 00 00 00 00 00 00 00 00 00 00 
00 00 00 00 00 00 00 00 00 00 00 00 00 00 00 00 00 00 
Plane 2
00 00 00 00 00 00 00 00 00 00 00 00 00 00 00 00 00 00 
00 00 00 00 00 00 00 00 04 00 00 00 00 00 00 00 00 00 
00 00 04 00 00 00 00 00 04 00 00 00 00 00 04 00 00 00 
00 00 04 00 00 00 00 00 04 04 00 00 00 00 04 00 00 00 
00 04 07 04 00 00 00 04 0A 07 00 00 00 00 04 04 00 00 
00 07 0A 07 00 00 00 04 07 04 00 00 00 00 0A 07 00 00 
00 07 04 04 04 00 00 04 01 04 04 00 00 04 0A 04 00 00 
00 04 01 04 04 00 00 01 01 04 07 00 00 01 07 04 04 00 
00 01 01 04 07 00 00 01 04 0D 07 00 00 01 01 04 07 00 
00 01 04 0D 07 00 00 01 11 0D 0A 00 00 01 04 0D 07 00 
00 01 11 0D 0A 00 04 01 01 04 04 00 04 01 11 0D 0A 00 
04 01 01 04 04 00 04 04 01 04 08 00 04 01 01 04 04 00 
04 04 01 04 08 00 00 04 01 12 09 00 04 04 01 04 08 00 
00 04 01 12 09 00 00 04 01 05 08 00 00 04 01 12 09 00 
00 04 01 05 08 00 00 08 05 05 00 00 00 08 01 08 08 00 
00 08 05 05 00 00 00 09 08 08 00 00 00 08 05 05 00 00 
00 09 08 08 00 00 00 05 09 08 00 00 00 05 08 05 00 00 
00 09 08 05 08 00 00 04 04 01 00 00 00 05 09 08 00 00 
00 01 05 01 00 00 00 01 01 04 00 00 00 04 04 01 00 00 
00 01 01 04 00 00 00 01 04 01 00 00 00 01 01 04 00 00 
00 07 04 01 00 00 00 07 01 04 01 00 00 01 04 01 01 00 
00 19 01 04 01 00 00 1B 07 04 15 00 00 07 01 04 15 00 
00 15 07 04 15 00 00 15 07 07 00 00 00 1B 07 04 00 00 
00 00 07 07 00 00 00 04 07 04 00 00 00 16 07 07 00 00 
00 04 07 07 00 00 00 07 04 04 04 00 00 04 07 04 00 00 
00 04 04 04 04 00 00 07 04 04 07 00 00 04 04 04 04 00 
00 07 04 04 07 00 00 07 04 07 00 00 00 07 04 04 07 00 
00 07 04 07 00 00 00 00 04 07 00 00 00 00 04 07 00 00 
00 00 04 07 00 00 00 00 0E 0C 00 00 00 00 07 07 00 00 
00 00 0E 00 00 00 00 00 06 06 00 00 00 00 00 0C 00 00 
00 00 06 00 00 00 00 00 00 00 00 00 00 00 00 06 00 00 
00 00 00 00 00 00 00 00 00 00 00 00 00 00 00 00 00 00 
00 00 00 00 00 00 00 00 00 00 00 00 00 00 00 00 00 00 
00 00 00 00 00 00 00 00 00 00 00 00 00 00 00 00 00 00 
00 00 00 00 00 00 00 00 04 00 00 00 00 00 00 00 00 00 
00 00 04 00 00 00 00 04 0A 00 00 00 00 04 04 00 00 00 
00 04 0A 00 00 00 00 04 07 00 00 00 00 04 0A 00 00 00 
00 04 07 00 00 00 00 01 07 0D 00 00 00 04 07 00 00 00 
00 01 07 04 00 00 00 01 07 11 07 00 00 01 07 0D 00 00 
00 01 07 11 07 00 00 01 11 07 07 00 00 01 07 11 07 00 
00 01 0D 07 07 00 00 11 11 07 04 00 00 01 11 11 07 00 
00 11 11 07 04 00 00 01 11 07 00 00 00 11 11 07 04 00 
00 01 11 07 00 00 04 01 11 04 08 00 00 01 11 07 00 00 
04 01 07 04 08 00 00 01 04 09 08 00 04 01 04 04 08 00 
00 01 04 09 08 00 00 08 09 02 00 00 00 01 04 09 08 00 
00 09 09 02 00 00 00 08 09 0F 09 00 00 08 09 02 09 00 
00 09 09 0F 00 00 00 09 05 13 00 00 00 08 09 0F 05 00 
00 09 05 13 00 00 00 10 05 1B 00 00 00 09 05 13 00 00 
00 08 05 1B 00 00 00 05 03 15 00 00 00 09 03 1B 00 00 
00 05 03 15 00 00 00 00 07 1C 00 00 00 09 03 15 00 00 
00 00 07 1C 00 00 00 00 04 1A 00 00 00 00 07 1C 00 00 
00 00 04 1A 00 00 00 00 01 0A 00 00 00 00 04 1A 00 00 
00 00 01 0A 00 00 00 00 07 0A 00 00 00 00 01 0A 00 00 
00 00 07 0A 00 00 00 00 07 01 00 00 00 00 07 0A 00 00 
00 00 04 01 00 00 00 00 07 01 00 00 00 00 04 01 00 00 
00 00 04 07 00 00 00 00 07 07 00 00 00 00 04 04 00 00 
00 00 15 0A 00 00 00 04 1B 07 00 00 00 00 01 0A 00 00 
00 04 07 07 00 00 00 04 15 07 00 00 00 04 07 07 00 00 
00 04 07 07 00 00 00 07 07 07 00 00 00 04 07 07 00 00 
00 07 07 07 00 00 00 07 04 04 00 00 00 07 07 04 00 00 
00 07 04 04 00 00 00 00 04 04 00 00 00 07 04 04 00 00 
00 00 04 06 00 00 00 00 06 00 00 00 00 06 04 00 00 00 
00 00 00 00 00 00 00 00 00 00 00 00 00 00 00 00 00 00 
00 00 00 00 00 00 00 00 00 00 00 00 00 00 00 00 00 00 
00 00 00 00 00 00 00 00 00 00 00 00 00 00 00 00 00 00 
00 00 00 00 00 00 00 00 00 01 00 00 00 00 00 00 00 00 
00 00 00 01 00 00 00 00 04 04 00 00 00 00 00 01 00 00 
00 00 04 04 00 00 00 00 07 04 00 00 00 00 04 04 00 00 
00 00 07 04 00 00 00 00 07 04 00 00 00 00 07 04 00 00 
00 00 07 04 00 00 00 00 11 01 00 00 00 00 07 04 00 00 
00 00 11 01 00 00 00 04 0D 11 01 00 00 00 0D 0D 00 00 
00 04 0D 11 01 00 00 07 0D 11 01 00 00 04 04 11 01 00 
00 07 0D 0D 01 00 07 07 04 01 01 00 00 07 11 0D 01 00 
07 0A 04 01 01 00 00 07 04 01 01 00 07 07 04 01 01 00 
00 07 04 01 01 00 00 05 09 10 04 00 07 0A 04 01 01 00 
00 05 09 10 04 00 00 08 08 09 05 00 00 07 09 10 04 00 
00 08 08 09 05 00 00 09 02 02 09 00 00 08 08 09 05 00 
00 09 02 02 09 00 00 05 0F 17 08 00 00 09 02 02 09 00 
00 05 0F 17 08 00 00 00 13 1C 00 00 00 05 0F 17 08 00 
00 00 13 1C 00 00 00 09 19 14 00 00 00 00 13 1C 00 00 
00 09 19 14 00 00 00 01 07 0A 00 00 00 09 19 14 00 00 
00 04 07 0A 00 00 00 04 04 07 00 00 00 00 07 0A 00 00 
00 04 04 07 00 00 00 01 01 01 00 00 00 04 04 07 00 00 
00 01 01 01 00 00 00 01 0A 01 00 00 00 01 01 01 00 00 
00 07 0A 01 00 00 00 07 04 07 01 00 00 01 0A 01 01 00 
00 19 04 07 01 00 00 1B 0A 0A 15 00 00 07 04 07 15 00 
00 15 0A 0A 15 00 00 15 0A 0A 00 00 00 1B 0A 0A 00 00 
00 00 0A 0A 00 00 00 07 0A 0A 00 00 00 16 0A 0A 00 00 
00 07 0A 07 04 00 00 07 0A 07 04 00 00 07 0A 07 00 00 
00 07 0A 07 04 00 00 04 07 07 04 00 00 07 0A 07 04 00 
00 04 07 07 00 00 00 04 07 07 00 00 00 04 07 07 04 00 
00 04 07 07 00 00 00 00 04 04 00 00 00 04 07 04 00 00 
00 00 04 04 00 00 00 00 0C 0E 00 00 00 00 04 04 00 00 
00 00 0E 00 00 00 00 00 06 06 00 00 00 00 00 0C 00 00 
00 00 0B 00 00 00 00 00 00 00 00 00 00 00 00 0B 00 00 
00 00 00 00 00 00 00 00 00 00 00 00 00 00 00 00 00 00 
00 00 00 00 00 00 00 00 00 00 00 00 00 00 00 00 00 00 
00 00 00 00 00 00 00 00 00 00 00 00 00 00 00 00 00 00 
00 00 00 00 00 00 00 00 00 04 00 00 00 00 00 00 00 00 
00 00 00 04 00 00 00 00 00 0A 01 00 00 00 00 04 00 00 
00 00 00 0A 01 00 00 00 11 0A 04 00 00 00 00 0A 01 00 
00 00 11 0A 04 00 00 00 11 07 04 00 00 00 0D 0A 04 00 
00 00 11 07 01 00 00 07 11 04 01 00 00 00 11 07 04 00 
00 07 11 04 01 00 00 0A 0D 11 11 00 00 07 11 04 01 00 
00 0A 0D 11 11 00 00 07 07 11 04 00 00 0A 0D 11 11 00 
00 07 07 0D 04 00 00 04 07 0D 04 00 00 07 07 11 04 00 
00 04 07 04 04 00 00 09 04 07 01 00 00 04 07 11 04 00 
00 09 04 07 01 00 00 10 05 04 01 00 00 09 04 11 01 00 
00 10 05 04 01 00 00 09 02 05 09 00 00 09 05 04 01 00 
00 08 02 05 09 00 00 05 17 05 09 00 00 10 02 05 08 00 
00 00 17 05 09 00 00 00 1C 09 08 00 00 09 17 05 08 00 
00 00 1C 09 05 00 00 00 1B 08 08 00 00 00 1C 09 09 00 
00 00 1B 09 05 00 00 00 07 05 09 00 00 00 1B 08 10 00 
00 00 07 10 08 00 00 00 04 09 00 00 00 00 07 08 00 00 
00 00 04 08 00 00 00 00 01 04 00 00 00 00 04 05 00 00 
00 00 01 04 00 00 00 00 07 01 00 00 00 00 01 01 00 00 
00 00 07 01 00 00 00 00 0A 04 00 00 00 00 07 07 00 00 
00 00 0A 04 00 00 00 00 07 04 00 00 00 00 0A 07 00 00 
00 00 07 04 00 00 00 00 0A 01 00 00 00 00 07 07 00 00 
00 00 0A 01 00 00 00 00 0A 01 00 00 00 00 0A 07 00 00 
00 00 15 07 00 00 00 00 0A 16 00 00 00 00 0A 19 00 00 
00 00 15 07 07 00 00 00 07 15 07 00 00 00 07 15 00 00 
00 00 07 07 07 00 00 00 07 07 07 00 00 00 07 07 07 00 
00 00 04 04 07 00 00 00 04 04 00 00 00 00 07 04 07 00 
00 00 04 04 06 00 00 00 04 04 00 00 00 00 04 04 00 00 
00 00 00 04 00 00 00 00 06 06 00 00 00 00 06 04 00 00 
00 00 00 00 00 00 00 00 00 00 00 00 00 00 00 00 00 00 
00 00 00 00 00 00 00 00 00 00 00 00 00 00 00 00 00 00 
Plane 3
00 00 00 00 00 00 00 00 00 00 00 00 00 00 00 00 00 00 
00 00 00 00 00 00 00 00 04 00 00 00 00 00 00 00 00 00 
00 00 04 00 00 00 00 01 04 00 00 00 00 00 04 00 00 00 
00 01 04 00 00 00 00 01 07 00 00 00 00 01 04 00 00 00 
00 04 07 00 00 00 00 07 07 04 00 00 00 01 07 00 00 00 
00 07 04 04 00 00 00 07 04 04 00 00 00 04 07 04 00 00 
00 0A 01 04 00 00 00 07 01 04 04 00 00 07 04 04 00 00 
00 07 01 04 04 00 00 01 04 04 07 00 00 04 01 04 04 00 
00 01 04 04 0A 00 00 01 04 11 0A 00 00 01 04 04 07 00 
00 01 04 11 0A 00 04 01 11 04 0A 00 04 01 04 0D 0A 00 
04 01 11 04 07 00 04 01 01 07 04 00 07 01 11 04 0A 00 
04 01 01 07 00 00 04 01 01 01 00 00 07 01 01 07 04 00 
04 01 01 01 00 00 04 04 01 01 00 00 04 01 01 01 00 00 
04 04 01 01 00 00 00 04 01 09 00 00 00 04 01 01 00 00 
00 04 01 08 00 00 00 09 08 05 00 00 00 04 01 09 00 00 
00 09 08 05 00 00 00 05 05 05 00 00 00 09 08 05 00 00 
00 05 05 05 00 00 00 01 05 04 00 00 00 05 05 05 00 00 
00 08 05 05 00 00 00 07 04 01 00 00 00 08 08 04 00 00 
00 07 04 07 00 00 00 07 01 04 00 00 00 07 08 01 00 00 
00 07 01 04 00 00 00 07 04 04 00 00 00 07 01 04 00 00 
00 07 04 04 00 00 00 07 01 01 00 00 00 07 04 07 00 00 
00 16 01 01 00 00 00 16 07 04 00 00 00 07 01 01 00 00 
00 15 07 15 00 00 00 15 07 04 00 00 00 1B 07 04 00 00 
00 04 07 04 00 00 00 04 04 04 00 00 00 16 07 04 00 00 
00 04 07 04 00 00 00 04 04 04 00 00 00 04 04 04 00 00 
00 07 04 04 00 00 00 04 04 07 00 00 00 07 04 04 00 00 
00 07 04 07 00 00 00 07 04 07 00 00 00 07 04 07 00 00 
00 07 04 07 00 00 00 00 07 07 00 00 00 07 04 07 00 00 
00 00 07 07 00 00 00 00 0B 06 00 00 00 00 04 07 00 00 
00 00 0B 00 00 00 00 00 00 00 00 00 00 00 0B 06 00 00 
00 00 06 00 00 00 00 00 00 00 00 00 00 00 00 00 00 00 
00 00 00 00 00 00 00 00 00 00 00 00 00 00 00 00 00 00 
00 00 00 00 00 00 00 00 00 00 00 00 00 00 00 00 00 00 
00 00 00 00 00 00 00 00 00 00 00 00 00 00 00 00 00 00 
00 00 00 00 00 00 00 04 00 00 00 00 00 00 00 00 00 00 
00 04 00 00 00 00 00 04 04 00 00 00 00 04 00 00 00 00 
00 04 04 00 00 00 01 07 07 00 00 00 01 07 04 00 00 00 
01 07 0D 00 00 00 01 01 07 04 00 00 01 07 07 00 00 00 
01 01 07 04 00 00 00 01 04 04 07 00 00 01 07 04 00 00 
00 01 04 04 07 00 00 01 0D 07 04 00 00 01 04 04 07 00 
00 01 0D 07 04 00 00 11 11 0A 00 00 00 01 0D 07 04 00 
00 11 11 0A 00 00 01 01 11 04 00 00 00 11 11 0A 00 00 
01 01 0D 04 00 00 04 04 07 08 00 00 01 01 11 04 00 00 
04 04 07 08 00 00 04 01 09 09 00 00 04 04 0D 08 00 00 
04 01 09 09 00 00 00 09 05 15 00 00 04 01 09 09 00 00 
00 08 05 15 00 00 00 09 08 19 00 00 00 09 05 15 00 00 
00 08 08 19 00 00 00 08 09 1B 00 00 00 09 08 19 00 00 
00 05 09 1B 00 00 00 05 08 16 00 00 00 08 09 1B 00 00 
00 05 08 16 00 00 00 05 05 00 00 00 00 10 08 16 00 00 
00 08 05 00 00 00 00 03 07 00 00 00 00 05 05 00 00 00 
00 03 07 00 00 00 00 07 04 01 00 00 00 03 07 00 00 00 
00 07 04 01 00 00 00 01 01 01 00 00 00 07 04 01 00 00 
00 01 01 01 00 00 00 07 04 04 00 00 00 01 01 01 00 00 
00 07 04 04 00 00 00 00 04 00 00 00 00 07 07 04 00 00 
00 00 04 00 00 00 00 00 01 00 00 00 00 00 07 00 00 00 
00 00 07 00 00 00 00 04 01 01 00 00 00 00 07 00 00 00 
00 16 0A 07 00 00 00 04 16 07 00 00 00 04 19 01 00 00 
00 04 0A 07 00 00 00 04 07 07 00 00 00 04 16 07 00 00 
00 04 07 07 00 00 00 04 07 04 00 00 00 04 07 07 00 00 
00 04 07 04 00 00 00 07 04 04 00 00 00 04 07 04 00 00 
00 07 04 06 00 00 00 00 04 00 00 00 00 04 04 04 00 00 
00 00 04 06 00 00 00 00 06 00 00 00 00 06 04 00 00 00 
00 00 00 00 00 00 00 00 00 00 00 00 00 00 00 00 00 00 
00 00 00 00 00 00 00 00 00 00 00 00 00 00 00 00 00 00 
00 00 00 00 00 00 00 00 00 00 00 00 00 00 00 00 00 00 
00 00 00 00 00 00 00 00 04 01 00 00 00 00 00 00 00 00 
00 00 04 01 00 00 00 00 04 01 00 00 00 00 04 01 00 00 
00 00 04 01 00 00 00 00 04 04 00 00 00 00 04 01 00 00 
00 00 04 04 00 00 00 00 0A 01 00 00 00 00 04 04 00 00 
00 00 11 01 00 00 00 04 11 11 00 00 00 00 0A 11 00 00 
00 04 11 11 00 00 00 11 11 0D 00 00 00 04 11 11 00 00 
00 11 11 0D 00 00 00 04 11 0D 01 00 00 11 11 0D 00 00 
04 04 11 0D 01 00 0A 0A 11 01 01 00 00 04 11 0D 01 00 
0A 07 0D 01 01 00 04 01 04 01 01 00 04 07 0D 01 01 00 
04 08 04 01 01 00 00 10 08 08 04 00 0A 0A 04 01 01 00 
00 10 08 08 04 00 00 09 15 10 00 00 00 07 08 08 04 00 
00 09 15 10 00 00 00 03 15 09 00 00 00 09 15 10 00 00 
00 03 15 09 00 00 00 08 16 02 09 00 00 03 15 09 00 00 
00 08 16 02 09 00 00 09 1B 14 00 00 00 08 16 02 09 00 
00 09 1B 14 00 00 00 04 1B 09 00 00 00 09 1B 14 00 00 
00 04 1B 09 00 00 00 04 1C 07 00 00 00 05 1B 09 00 00 
00 01 1C 07 00 00 00 01 1A 01 00 00 00 04 1C 07 00 00 
00 07 1A 01 00 00 00 07 0A 04 00 00 00 01 1A 01 00 00 
00 07 0A 04 00 00 00 07 0A 04 00 00 00 07 0A 04 00 00 
00 07 0A 04 00 00 00 07 01 01 00 00 00 07 0A 04 00 00 
00 15 01 04 00 00 00 16 0A 07 00 00 00 07 01 01 00 00 
00 01 0A 15 00 00 00 15 0A 07 00 00 00 1B 0A 07 00 00 
00 07 0A 07 00 00 00 07 0A 07 00 00 00 15 0A 07 00 00 
00 07 0A 07 00 00 00 07 0A 07 00 00 00 07 0A 07 00 00 
00 07 0A 07 00 00 00 07 07 07 00 00 00 07 0A 07 00 00 
00 07 07 07 00 00 00 04 07 04 00 00 00 07 07 07 00 00 
00 04 07 04 00 00 00 00 04 04 00 00 00 04 07 04 00 00 
00 00 04 04 00 00 00 00 0B 06 00 00 00 00 04 06 00 00 
00 00 0C 00 00 00 00 00 00 00 00 00 00 00 06 06 00 00 
00 00 06 00 00 00 00 00 00 00 00 00 00 00 00 00 00 00 
00 00 00 00 00 00 00 00 00 00 00 00 00 00 00 00 00 00 
00 00 00 00 00 00 00 00 00 00 00 00 00 00 00 00 00 00 
00 00 00 00 00 00 00 00 00 00 00 00 00 00 00 00 00 00 
00 00 00 00 00 00 00 00 00 04 00 00 00 00 00 00 00 00 
00 00 00 04 00 00 00 00 00 07 00 00 00 00 00 04 00 00 
00 00 00 07 01 00 00 00 11 07 01 00 00 00 00 07 00 00 
00 00 04 07 01 00 00 04 11 04 01 00 00 00 11 07 01 00 
00 04 11 04 01 00 00 07 0D 01 01 00 00 04 11 04 01 00 
00 07 0D 01 00 00 00 07 11 01 00 00 00 07 0D 01 01 00 
00 07 11 01 11 00 00 0A 0D 0D 01 00 00 07 11 01 00 00 
00 0A 0D 11 01 00 00 04 07 04 04 00 00 0A 0D 0D 01 00 
00 04 07 04 04 00 00 10 04 07 04 00 00 04 07 04 04 00 
00 10 04 07 04 00 00 08 08 04 01 00 00 09 04 07 04 00 
00 08 08 01 01 00 00 05 09 08 00 00 00 08 08 04 01 00 
00 05 09 08 00 00 00 15 02 08 00 00 00 08 09 09 00 00 
00 15 02 08 00 00 00 16 15 08 00 00 00 15 02 09 00 00 
00 16 15 08 00 00 00 00 08 09 00 00 00 16 15 08 00 00 
00 00 08 08 00 00 00 00 09 10 08 00 00 00 08 10 09 00 
00 00 09 05 00 00 00 00 05 08 00 00 00 00 09 09 00 00 
00 00 05 08 00 00 00 00 04 01 00 00 00 00 05 05 00 00 
00 00 01 01 00 00 00 00 01 04 00 00 00 00 04 01 00 00 
00 00 04 04 00 00 00 00 04 04 00 00 00 00 01 04 00 00 
00 00 04 04 00 00 00 00 07 07 00 00 00 00 04 04 00 00 
00 00 04 07 00 00 00 00 07 04 00 00 00 00 07 04 00 00 
00 00 01 04 00 00 00 00 07 04 00 00 00 00 07 04 00 00 
00 00 1B 04 00 00 00 00 0A 0A 00 00 00 00 0A 1B 00 00 
00 00 15 04 00 00 00 07 07 04 00 00 00 00 0A 15 00 00 
00 07 07 04 00 00 00 04 07 04 00 00 00 07 07 04 00 00 
00 04 07 04 00 00 00 00 04 04 00 00 00 04 07 04 00 00 
00 00 04 04 00 00 00 00 04 04 00 00 00 06 04 07 00 00 
00 00 04 04 00 00 00 00 06 00 00 00 00 00 04 00 00 00 
00 00 00 00 00 00 00 00 00 00 00 00 00 00 00 00 00 00 
00 00 00 00 00 00 00 00 00 00 00 00 00 00 00 00 00 00 
