Plane 0
00 00 00 00 00 00 00 00 00 00 00 00 00 00 00 00 00 00 00 00 00 00 00 00 00 00 00 00 
00 00 00 00 00 00 00 00 00 00 00 00 00 00 00 00 00 00 00 00 00 00 00 00 00 00 00 00 
00 00 00 00 00 00 00 00 00 00 00 00 00 00 00 00 00 00 00 00 00 00 00 00 00 00 00 00 
00 00 00 00 00 00 00 00 00 00 00 00 00 00 00 00 00 00 00 00 00 00 00 00 00 00 00 00 
00 00 00 00 00 00 00 00 00 00 00 00 00 00 00 00 00 00 00 00 00 00 00 00 00 00 00 00 
00 00 00 00 00 00 00 00 00 00 00 00 00 00 00 00 00 00 00 00 00 00 00 00 58 00 00 00 
00 00 00 00 00 00 00 00 00 00 00 00 00 00 00 00 00 00 00 00 00 00 00 00 00 00 00 00 
00 00 00 00 00 00 00 00 00 00 00 00 58 16 58 00 00 00 00 00 00 00 00 00 58 00 00 00 
00 00 00 00 00 00 00 00 00 00 00 00 58 16 16 16 16 00 00 00 00 00 00 00 00 00 00 00 
00 00 00 00 00 00 00 00 00 00 00 00 58 16 16 16 16 00 00 00 00 00 00 00 00 00 00 00 
00 00 00 00 00 00 00 00 00 00 00 00 58 16 16 16 16 00 00 00 00 00 00 16 58 00 00 00 
00 00 00 00 00 00 00 00 00 00 00 58 58 16 01 16 58 58 00 00 00 00 00 00 00 00 00 00 
00 00 00 00 00 00 00 00 00 00 00 58 58 16 01 16 58 58 00 00 00 00 00 00 58 00 00 00 
00 00 00 00 00 00 00 00 00 00 00 58 58 16 17 16 58 58 00 00 00 00 00 00 58 00 00 00 
00 00 00 00 00 00 00 00 00 00 00 71 58 16 17 16 16 16 00 00 00 00 00 00 58 16 00 00 
00 00 00 00 00 00 00 00 00 00 00 71 71 16 17 16 16 01 00 00 00 00 00 00 58 00 00 00 
00 00 00 00 00 00 00 00 00 11 16 71 71 71 01 16 16 44 00 00 00 00 00 00 58 16 00 00 
00 00 00 00 00 00 00 00 11 11 16 71 71 71 71 16 71 02 00 00 00 00 00 00 58 16 00 00 
00 00 00 00 00 00 00 00 11 11 11 11 71 71 71 71 16 71 00 00 00 00 00 00 16 11 00 00 
00 00 00 00 00 00 00 00 11 11 11 11 16 71 71 71 71 71 00 00 00 00 00 00 16 11 00 00 
00 00 00 00 00 00 00 00 00 11 11 11 16 16 71 71 71 02 00 00 00 00 00 00 00 11 12 00 
00 00 00 00 00 00 00 00 00 11 11 11 16 16 16 16 71 71 7D 00 00 00 00 00 00 11 11 16 
00 00 00 00 00 00 00 00 00 00 11 11 16 16 16 16 16 71 7D 3D 00 00 00 00 00 11 11 00 
00 00 00 00 00 00 00 00 00 00 11 16 16 16 16 16 71 01 42 7D 00 00 00 00 00 11 11 00 
00 00 00 00 00 00 00 00 00 00 00 16 16 16 16 16 71 71 4A 42 4A 00 00 00 00 11 11 00 
00 00 00 00 00 00 00 00 00 00 00 16 16 16 16 71 16 71 03 4A 00 00 00 00 00 16 16 00 
00 00 00 00 00 00 00 00 00 00 00 79 16 16 16 16 16 16 02 00 00 00 00 00 00 00 16 00 
00 00 00 00 00 00 00 00 00 00 16 79 79 79 16 16 58 16 00 00 00 00 00 00 00 00 16 58 
00 00 00 00 00 00 00 00 00 00 79 79 79 79 79 79 79 79 00 00 00 00 00 00 00 00 16 58 
00 00 00 00 00 00 00 00 00 58 79 79 79 79 79 79 79 79 00 00 00 00 00 00 00 00 16 58 
00 00 00 00 00 00 00 00 00 79 79 79 79 79 79 79 79 79 16 00 00 00 00 00 58 00 00 58 
00 00 00 00 00 00 00 00 00 79 79 79 79 79 79 79 79 79 79 00 00 00 00 00 00 00 00 58 
00 00 00 00 00 00 00 00 11 79 79 79 79 79 79 79 79 79 79 00 00 00 00 00 00 00 16 58 
00 00 00 00 00 00 00 00 79 79 79 79 79 79 79 79 79 79 79 00 00 00 00 00 00 00 00 58 
00 00 00 00 00 00 00 00 79 79 79 79 79 79 79 79 79 79 79 16 00 00 00 00 00 11 00 58 
00 00 00 00 00 00 00 00 79 79 11 79 79 79 79 79 79 79 79 79 00 00 00 00 00 00 00 58 
00 00 00 00 00 00 00 16 79 79 11 79 79 79 79 79 79 79 79 79 00 00 00 00 00 00 00 00 
00 00 00 00 00 00 00 79 79 79 79 79 79 79 79 79 79 79 79 79 00 00 00 00 00 00 00 58 
00 00 00 00 00 00 00 79 13 79 79 79 79 79 79 79 79 79 79 79 00 00 00 00 00 00 11 00 
00 00 00 00 00 00 00 01 00 79 79 79 79 79 79 79 79 79 79 79 11 00 00 00 00 00 16 00 
00 00 00 00 00 00 00 00 00 79 79 79 79 79 79 79 79 79 79 79 79 00 00 00 00 00 16 00 
00 00 00 00 00 00 00 00 00 79 79 79 79 79 79 79 79 79 79 79 79 00 00 00 00 00 16 00 
00 00 00 00 00 00 00 00 00 46 79 79 79 79 79 79 79 79 79 79 79 00 00 00 00 00 00 00 
00 00 00 00 00 00 00 00 00 7A 79 79 79 79 79 79 79 79 79 11 79 00 00 00 00 00 16 00 
00 00 00 00 00 00 00 00 17 7A 79 11 79 79 79 79 79 79 79 79 79 00 00 00 00 00 00 00 
00 00 00 00 00 00 00 00 7A 18 79 16 79 79 79 79 16 79 79 79 16 00 00 00 00 00 00 00 
00 00 00 00 00 00 00 16 7A 17 79 16 79 79 79 79 79 79 79 11 00 17 00 00 00 00 00 00 
00 00 00 00 00 00 58 7A 7A 7A 79 16 79 79 79 79 79 79 79 16 00 00 00 00 00 00 00 00 
00 00 00 00 00 00 7A 7A 7A 7A 79 79 79 79 79 79 79 16 79 16 00 00 00 00 00 00 00 00 
00 00 00 00 00 16 7A 7A 7A 11 79 79 79 79 79 79 79 79 79 79 00 00 00 00 00 00 00 00 
00 00 00 00 00 16 7A 7A 7A 7A 58 79 79 79 79 79 79 79 79 79 17 00 00 00 00 00 00 00 
00 00 00 00 00 16 16 7A 7A 7A 58 79 79 79 79 79 79 79 16 79 17 00 00 00 00 00 00 00 
00 00 00 00 00 16 58 7A 7A 7A 79 79 79 79 79 79 79 79 16 79 7A 13 00 00 00 00 00 00 
00 00 00 00 00 16 58 7A 7A 7A 58 79 79 79 79 79 79 79 16 79 7A 7A 16 00 00 00 00 00 
00 00 00 00 00 7B 58 7A 7A 7A 58 11 11 79 79 79 79 79 7A 58 7A 7A 7A 00 00 00 00 00 
00 00 00 00 00 7B 58 7A 7A 7A 58 11 16 79 79 13 79 79 7A 7A 7A 7A 16 58 00 00 00 00 
00 00 00 00 00 7B 7B 7A 7A 7A 16 11 16 79 46 18 79 79 11 7A 7A 7A 16 58 00 00 00 00 
00 00 00 00 00 7B 7B 7A 7A 7A 16 11 7A 79 46 18 79 16 11 7A 7A 7A 16 16 00 00 00 00 
00 00 00 00 00 7B 7B 7A 7A 7A 7B 11 7A 79 46 18 79 16 7A 7A 7A 11 7B 16 00 00 00 00 
00 00 00 00 00 7B 7B 7A 7A 7A 7B 11 7A 79 7A 18 11 16 11 7A 7A 11 7B 16 00 00 00 00 
00 00 00 00 00 7B 7B 4A 7A 02 7B 11 7A 79 7A 18 11 16 11 7A 7A 11 7B 16 00 00 00 00 
00 00 00 00 00 7B 7B 4A 7A 7B 7B 16 7A 79 7A 18 11 16 7B 7A 7A 7B 7B 00 00 00 00 00 
00 00 00 00 00 7B 7B 4A 7A 7B 7B 16 7A 79 7A 18 11 7B 7B 7A 7A 7B 7B 58 00 00 00 00 
00 00 00 00 00 16 7B 4A 7A 7B 44 01 16 79 7A 17 11 16 7B 7A 7A 7B 7B 58 00 00 00 00 
00 00 00 00 00 16 7B 7B 3D 7B 7B 7B 16 79 7A 17 7B 16 7B 7A 7A 7B 7B 00 00 00 00 00 
00 00 00 00 00 16 7B 7B 7D 7B 7B 7B 01 16 7A 01 7B 16 7B 7A 7A 7B 7B 00 00 00 00 00 
00 00 00 00 00 00 7B 7B 7D 7B 7B 4A 17 16 01 16 16 7B 17 7A 7A 7B 16 00 00 00 00 00 
00 00 00 00 00 00 01 7B 7B 7B 7B 7B 02 16 16 7B 7B 7B 7B 17 7A 7B 16 00 00 00 00 00 
00 00 00 00 00 00 01 7B 7B 7B 7B 7B 03 7B 7B 7B 16 7B 7B 17 7A 7B 16 00 00 00 00 00 
00 00 00 00 00 00 44 7B 4A 7B 4A 7B 7B 16 7B 7B 7B 17 7B 18 7A 7B 00 00 00 00 00 00 
00 00 00 00 00 00 00 02 4A 7B 03 02 4A 7B 7B 7B 7B 7B 7B 7B 7A 11 00 00 00 00 00 00 
00 00 00 00 00 00 00 02 00 7B 02 02 4A 7B 7B 7B 7B 7B 7B 46 7A 16 00 00 00 00 00 00 
00 00 00 00 00 00 00 00 00 3B 7B 7B 7B 7B 7B 7B 7B 7B 7B 00 13 16 00 00 00 00 00 00 
00 00 00 00 00 00 00 00 00 00 7B 7B 4A 7B 7B 7B 7B 7B 4B 00 0C 00 00 00 00 00 00 00 
00 00 00 00 00 00 00 00 00 00 03 7B 7B 01 16 7B 7B 7B 00 00 00 00 00 00 00 00 00 00 
00 00 00 00 00 00 00 00 00 00 00 4A 4A 01 16 7B 7B 17 00 00 00 00 00 00 00 00 00 00 
00 00 00 00 00 00 00 00 00 00 00 00 03 16 00 16 7B 00 00 00 00 00 00 00 00 00 00 00 
00 00 00 00 00 00 00 00 00 00 00 00 4A 01 00 16 16 00 00 00 00 00 00 00 00 00 00 00 
00 00 00 00 00 00 00 00 00 00 00 00 4A 01 00 16 00 00 00 00 00 00 00 00 00 00 00 00 
00 00 00 00 00 00 00 00 00 00 00 00 4A 44 00 16 00 00 00 00 00 00 00 00 00 00 00 00 
00 00 00 00 00 00 00 00 00 00 00 00 42 02 00 16 00 00 00 00 00 00 00 00 00 00 00 00 
00 00 00 00 00 00 00 00 00 00 00 00 42 03 00 16 00 00 00 00 00 00 00 00 00 00 00 00 
00 00 00 00 00 00 00 00 00 00 00 00 4A 03 11 16 00 00 00 00 00 00 00 00 00 00 00 00 
00 00 00 00 00 00 00 00 00 00 00 00 03 02 16 16 00 00 00 00 00 00 00 00 00 00 00 00 
00 00 00 00 00 00 00 00 00 00 00 00 00 02 16 16 00 00 00 00 00 00 00 00 00 00 00 00 
00 00 00 00 00 00 00 00 00 00 00 00 00 44 11 16 00 00 00 00 00 00 00 00 00 00 00 00 
00 00 00 00 00 00 00 00 00 00 00 00 00 01 11 16 00 00 00 00 00 00 00 00 00 00 00 00 
00 00 00 00 00 00 00 00 00 00 00 00 00 16 11 11 00 00 00 00 00 00 00 00 00 00 00 00 
00 00 00 00 00 00 00 00 00 00 00 00 00 11 11 11 00 00 00 00 00 00 00 00 00 00 00 00 
00 00 00 00 00 00 00 00 00 00 00 00 00 11 11 11 00 00 00 00 00 00 00 00 00 00 00 00 
00 00 00 00 4B 00 00 00 00 00 00 00 00 11 11 11 00 00 00 00 00 00 00 00 00 00 00 00 
00 00 00 00 42 44 00 00 00 00 00 00 00 11 11 11 00 00 00 00 00 00 00 00 00 00 00 00 
00 00 00 00 04 44 00 00 00 00 00 00 00 11 11 11 00 00 00 00 00 00 00 00 00 00 00 00 
00 00 00 4A 4A 02 58 00 00 00 00 00 00 11 11 11 00 00 00 00 00 00 00 00 00 00 00 00 
00 00 00 03 02 02 58 00 00 00 00 00 00 11 11 11 00 00 00 00 00 00 00 00 16 00 00 00 
00 00 16 02 02 44 58 58 00 00 00 00 00 16 17 11 00 00 00 00 00 00 00 58 16 00 00 00 
00 00 58 01 01 01 58 58 00 00 00 16 16 16 17 16 00 00 00 00 00 00 00 58 01 00 00 00 
00 00 58 16 16 01 58 58 00 00 58 16 16 16 02 01 00 00 00 00 00 00 58 58 01 16 00 00 
00 58 58 58 16 16 58 58 02 16 58 16 11 16 02 17 16 00 00 00 00 44 58 58 02 16 00 00 
00 00 58 58 16 16 58 58 02 01 58 16 11 01 03 02 16 00 00 58 02 02 58 16 03 01 58 00 
00 00 58 58 16 16 58 58 03 44 58 16 16 01 03 02 16 11 16 16 03 02 58 01 4A 44 58 00 
00 00 58 58 16 11 58 16 4A 02 16 16 16 01 02 02 01 16 16 01 4A 02 58 01 42 02 16 00 
00 00 00 16 11 11 58 58 4A 03 01 16 01 17 02 02 17 16 16 02 3B 02 58 01 42 4A 01 00 
00 00 00 16 11 16 58 58 03 4A 44 16 01 02 01 02 02 16 16 02 4A 01 58 01 4A 4A 01 00 
00 00 00 16 11 16 58 58 02 03 02 01 01 02 16 01 02 01 01 03 03 01 58 16 03 4A 44 00 
00 00 00 00 16 58 58 58 01 02 02 01 01 01 58 16 44 01 01 02 02 16 58 58 02 03 45 00 
00 00 00 00 16 58 58 58 58 01 44 01 01 01 58 58 01 01 01 02 01 58 58 58 01 02 00 00 
00 00 00 00 58 58 58 58 58 16 01 16 16 16 58 58 16 16 16 01 58 58 58 58 58 01 00 00 
00 00 00 00 00 58 58 58 58 58 16 58 58 58 58 58 58 58 58 16 58 58 58 58 58 00 00 00 
00 00 00 00 00 00 58 58 58 58 58 58 58 58 58 58 58 58 58 58 58 58 58 58 00 00 00 00 
00 00 00 00 00 00 00 58 58 58 58 58 58 58 58 58 58 58 58 58 58 58 58 00 00 00 00 00 
00 00 00 00 00 00 00 00 00 00 00 58 58 58 58 58 58 58 58 00 00 00 00 00 00 00 00 00 
Plane 1
00 00 00 00 00 00 00 00 00 00 00 00 00 00 00 00 00 00 00 00 00 00 00 00 00 00 00 00 
00 00 00 00 00 00 00 00 00 00 00 00 00 00 00 00 00 00 00 00 00 00 00 00 00 00 00 00 
00 00 00 00 00 00 00 00 00 00 00 00 00 00 00 00 00 00 00 00 00 00 00 00 00 00 00 00 
00 00 00 00 00 00 00 00 00 00 00 00 00 00 00 00 00 00 00 00 00 00 00 00 00 00 00 00 
00 00 00 00 00 00 00 00 00 00 00 00 00 00 00 00 00 00 00 00 00 00 00 00 00 00 00 00 
00 00 00 00 00 00 00 00 00 00 00 00 00 00 00 00 00 00 00 00 00 00 00 58 58 00 00 00 
00 00 00 00 00 00 00 00 00 00 00 00 00 00 00 00 00 00 00 00 00 00 00 00 58 00 00 00 
00 00 00 00 00 00 00 00 00 00 00 00 58 16 58 00 00 00 00 00 00 00 00 00 00 00 00 00 
00 00 00 00 00 00 00 00 00 00 00 00 16 16 58 16 00 00 00 00 00 00 00 00 00 00 00 00 
00 00 00 00 00 00 00 00 00 00 00 00 16 16 16 16 16 00 00 00 00 00 00 16 00 00 00 00 
00 00 00 00 00 00 00 00 00 00 00 58 58 16 16 16 58 00 00 00 00 00 00 16 58 00 00 00 
00 00 00 00 00 00 00 00 00 00 00 58 58 16 01 16 58 00 00 00 00 00 00 00 00 00 00 00 
00 00 00 00 00 00 00 00 00 00 00 58 58 16 17 16 58 58 00 00 00 00 00 00 00 00 00 00 
00 00 00 00 00 00 00 00 00 00 00 58 58 16 17 16 58 16 00 00 00 00 00 00 58 16 00 00 
00 00 00 00 00 00 00 00 00 00 00 71 58 16 17 16 58 01 00 00 00 00 00 00 58 00 00 00 
00 00 00 00 00 00 00 00 00 00 00 71 71 16 17 16 16 02 00 00 00 00 00 00 58 00 00 00 
00 00 00 00 00 00 00 00 00 11 16 71 71 71 01 16 16 02 00 00 00 00 00 00 58 00 00 00 
00 00 00 00 00 00 00 00 11 11 16 71 71 71 71 16 71 03 00 00 00 00 00 00 16 16 00 00 
00 00 00 00 00 00 00 00 11 11 11 11 71 71 71 71 71 71 00 00 00 00 00 00 00 11 00 00 
00 00 00 00 00 00 00 00 11 11 11 16 16 71 71 71 16 71 00 00 00 00 00 00 00 11 00 00 
00 00 00 00 00 00 00 00 00 11 11 16 16 16 71 71 16 71 00 00 00 00 00 00 11 11 00 00 
00 00 00 00 00 00 00 00 00 11 11 16 16 16 16 16 16 02 3D 00 00 00 00 00 00 11 11 00 
00 00 00 00 00 00 00 00 00 00 11 16 16 16 16 16 16 02 3D 00 00 00 00 00 00 11 11 58 
00 00 00 00 00 00 00 00 00 00 11 16 16 16 16 16 16 02 7D 7D 00 00 00 00 00 11 11 58 
00 00 00 00 00 00 00 00 00 00 11 16 16 16 16 16 16 02 42 42 00 00 00 58 00 11 11 00 
00 00 00 00 00 00 00 00 00 00 00 16 16 16 16 71 16 71 03 03 00 00 00 58 16 16 16 00 
00 00 00 00 00 00 00 00 00 00 16 79 16 16 16 16 16 01 02 00 00 00 00 58 00 16 16 58 
00 00 00 00 00 00 00 00 00 00 79 79 79 79 16 16 58 16 00 00 00 00 00 58 00 00 16 00 
00 00 00 00 00 00 00 00 00 00 79 79 79 79 79 79 79 79 00 00 00 00 00 58 00 00 16 00 
00 00 00 00 00 00 00 00 00 58 79 79 79 79 79 79 79 79 00 00 00 00 00 00 00 11 58 00 
00 00 00 00 00 00 00 00 00 79 79 79 79 79 79 79 79 79 00 00 00 00 00 00 00 00 58 00 
00 00 00 00 00 00 00 00 00 79 79 79 79 79 79 79 79 79 16 00 00 00 00 00 16 00 58 58 
00 00 00 00 00 00 00 00 11 79 79 79 79 79 79 79 79 79 79 00 00 00 00 00 00 00 00 58 
00 00 00 00 00 00 00 00 79 79 79 79 79 79 79 79 79 79 79 00 00 00 00 00 00 00 00 58 
00 00 00 00 00 00 00 00 79 79 16 79 79 79 79 79 79 79 79 00 00 00 00 00 00 00 00 00 
00 00 00 00 00 00 00 16 79 79 79 79 79 79 79 79 79 79 79 11 00 00 00 00 00 11 00 00 
00 00 00 00 00 00 00 79 79 79 79 79 79 79 79 79 79 79 79 79 00 00 00 00 00 00 00 58 
00 00 00 00 00 00 00 79 13 79 79 79 79 79 79 79 79 79 79 79 00 00 00 00 00 00 00 00 
00 00 00 00 00 00 00 17 18 79 79 79 79 79 79 79 79 79 79 79 00 00 00 00 00 00 00 00 
00 00 00 00 00 00 58 00 18 79 79 79 79 79 79 79 79 79 79 79 00 00 00 00 00 00 00 00 
00 00 00 00 00 00 58 00 18 79 79 79 79 79 79 79 79 79 79 79 11 00 00 00 00 00 00 00 
00 00 00 00 00 00 58 00 18 46 79 79 79 79 79 79 79 79 11 79 11 00 00 00 00 00 00 01 
00 00 00 00 00 00 00 00 18 7A 79 79 79 79 79 79 79 79 79 79 79 00 00 00 00 00 00 00 
00 00 00 00 00 00 00 00 18 7A 79 16 79 79 79 79 79 79 79 16 79 00 00 00 00 00 00 00 
00 00 00 00 00 00 00 00 18 7A 79 79 79 79 79 79 79 79 79 79 79 00 00 00 00 00 00 00 
00 00 00 00 00 00 00 16 18 02 79 79 79 79 79 79 79 79 79 79 16 00 00 00 00 00 00 00 
00 00 00 00 00 00 00 7A 7A 17 79 79 79 79 79 79 16 79 79 79 00 00 00 00 00 00 00 00 
00 00 00 00 00 00 16 7A 7A 17 79 79 79 79 79 79 79 79 79 11 00 00 00 00 00 00 00 00 
00 00 00 00 00 00 7A 7A 7A 7A 79 79 79 79 79 79 79 79 79 00 00 00 00 00 00 00 00 00 
00 00 00 00 00 16 7A 7A 7A 11 58 79 79 79 79 79 79 16 79 16 00 00 00 00 00 00 00 00 
00 00 00 00 00 16 7A 7A 7A 16 79 79 79 79 79 79 79 79 79 16 00 00 00 00 00 00 00 00 
00 00 00 00 00 7B 7A 7A 7A 7A 79 79 79 79 79 79 79 79 58 16 17 00 00 00 00 00 00 00 
00 00 00 00 00 7B 7A 7A 7A 7A 79 79 79 79 79 79 79 11 7A 79 7A 00 00 00 00 00 00 00 
00 00 00 00 00 7B 16 7A 7A 7A 79 79 79 79 79 79 79 11 7A 79 7A 11 00 00 00 00 00 00 
00 00 00 00 00 7B 16 7A 7A 7A 79 79 79 79 18 79 79 11 7A 79 7A 7A 16 00 00 00 00 00 
00 00 00 00 00 7B 16 7A 7A 7A 79 79 79 79 18 79 79 11 7A 58 7A 7A 16 16 00 00 00 00 
00 00 00 00 00 7B 7B 7A 7A 7A 16 79 79 79 7A 79 16 11 7A 7A 7A 7A 16 16 00 00 00 00 
00 00 00 00 00 7B 01 7A 7A 7A 16 79 16 79 7A 79 16 16 7A 7A 7A 11 7B 00 00 00 00 00 
00 00 00 00 00 7B 44 7A 7A 16 7B 11 7A 79 7A 79 16 16 7A 7A 7A 7B 7B 01 00 00 00 00 
00 00 00 00 00 7B 7B 7A 7A 01 7B 16 7A 79 7A 79 79 16 11 7A 7A 7B 7B 01 00 00 00 00 
00 00 00 00 00 7B 7B 7A 7A 7B 7B 16 7A 79 7A 79 16 16 7B 7A 7A 7B 7B 00 00 00 00 00 
00 00 00 00 00 7B 7B 7A 7A 7B 7B 16 7A 79 7A 79 16 16 16 7A 7A 7B 7B 00 00 00 00 00 
00 00 00 00 00 7B 7B 42 7A 7B 01 16 7A 79 7A 79 16 7B 7B 7A 7A 7B 7B 00 00 00 00 00 
00 00 00 00 00 7B 7B 42 7A 7B 01 7B 16 17 7A 79 7B 16 7B 7A 7A 7B 7B 00 00 00 00 00 
00 00 00 00 00 58 7B 42 7A 7B 7B 7B 16 16 7A 79 7B 7B 7B 7A 7A 7B 7B 00 00 00 00 00 
00 00 00 00 00 58 7B 7B 42 7B 7B 02 7B 16 7A 79 16 16 16 7A 7A 7B 16 00 00 00 00 00 
00 00 00 00 00 16 7B 7B 42 7B 7B 7B 7B 16 01 16 16 7B 7B 7A 7A 7B 16 00 00 00 00 00 
00 00 00 00 00 16 02 7B 42 7B 7B 4A 7B 7B 16 7B 7B 7B 7B 7A 7A 7B 00 00 00 00 00 00 
00 00 00 00 00 00 02 7B 3B 7B 7B 7B 7B 16 7B 7B 16 7B 7B 7A 7A 7B 00 00 00 00 00 00 
00 00 00 00 00 00 00 7B 3B 7B 7B 7B 02 16 7B 7B 16 18 7B 18 0C 11 00 00 00 00 00 00 
00 00 00 00 00 00 00 02 3B 7B 7B 03 7B 7B 7B 7B 7B 7B 7B 18 0C 16 00 00 00 00 00 00 
00 00 00 00 00 00 00 02 00 7B 7B 7B 03 7B 7B 7B 7B 7B 7B 46 0C 16 00 00 00 00 00 00 
00 00 00 00 00 00 00 00 00 4A 44 02 03 7B 7B 7B 7B 7B 4C 00 0C 00 00 00 00 00 00 00 
00 00 00 00 00 00 00 00 00 00 7B 02 7B 01 7B 7B 7B 7B 00 00 12 00 00 00 00 00 00 00 
00 00 00 00 00 00 00 00 00 00 02 7B 7B 01 7B 7B 7B 7B 00 00 11 00 00 00 00 00 00 00 
00 00 00 00 00 00 00 00 00 00 00 4A 02 00 16 7B 7B 17 00 00 00 00 00 00 00 00 00 00 
00 00 00 00 00 00 00 00 00 00 00 00 73 00 16 7B 16 00 00 00 00 00 00 00 00 00 00 00 
00 00 00 00 00 00 00 00 00 00 00 00 02 00 16 16 00 00 00 00 00 00 00 00 00 00 00 00 
00 00 00 00 00 00 00 00 00 00 00 00 03 00 16 16 00 00 00 00 00 00 00 00 00 00 00 00 
00 00 00 00 00 00 00 00 00 00 00 00 4A 00 16 16 00 00 00 00 00 00 00 00 00 00 00 00 
00 00 00 00 00 00 00 00 00 00 00 00 4A 00 11 16 00 00 00 00 00 00 00 00 00 00 00 00 
00 00 00 00 00 00 00 00 00 00 00 00 42 02 11 16 00 00 00 00 00 00 00 00 00 00 00 00 
00 00 00 00 00 00 00 00 00 00 00 00 4A 02 11 16 00 00 00 00 00 00 00 00 00 00 00 00 
00 00 00 00 00 00 00 00 00 00 00 00 03 02 16 16 00 00 00 00 00 00 00 00 00 00 00 00 
00 00 00 00 00 00 00 00 00 00 00 00 02 17 16 16 00 00 00 00 00 00 00 00 00 00 00 00 
00 00 00 00 00 00 00 00 00 00 00 00 01 01 11 16 00 00 00 00 00 00 00 00 00 00 00 00 
00 00 00 00 00 00 00 00 00 00 00 00 16 01 11 16 00 00 00 00 00 00 00 00 00 00 00 00 
00 00 00 00 00 00 00 00 00 00 00 00 16 16 11 11 00 00 00 00 00 00 00 00 00 00 00 00 
00 00 00 00 00 00 00 00 00 00 00 00 16 11 11 11 00 00 00 00 00 00 00 00 00 00 00 00 
00 00 00 00 00 00 00 00 00 00 00 00 16 11 11 00 00 00 00 00 00 00 00 00 00 00 00 00 
00 00 00 00 04 00 00 00 00 00 00 00 16 11 11 00 00 00 00 00 00 00 00 00 00 00 00 00 
00 00 00 00 4A 01 00 00 00 00 00 00 16 11 11 00 00 00 00 00 00 00 00 00 00 00 00 00 
00 00 00 42 4A 01 00 00 00 00 00 00 16 11 11 00 00 00 00 00 00 00 00 00 00 00 00 00 
00 00 00 4A 03 01 00 00 00 00 00 00 00 11 11 00 00 00 00 00 00 00 00 00 00 00 00 00 
00 00 02 03 02 44 58 00 00 00 00 00 00 11 11 00 00 00 00 00 00 00 00 00 16 00 00 00 
00 00 01 44 44 01 58 00 00 00 00 00 00 16 17 00 00 00 00 00 00 00 00 58 16 00 00 00 
00 00 16 01 01 01 58 16 00 00 00 16 16 16 17 00 00 00 00 00 00 00 00 58 01 00 00 00 
00 58 58 58 16 16 58 16 00 00 16 11 16 01 02 16 00 00 00 00 00 00 58 16 01 00 00 00 
00 58 58 58 16 16 58 16 02 58 58 11 16 01 03 01 00 00 00 00 00 01 58 01 02 58 00 00 
00 58 58 58 16 16 58 16 03 16 58 11 16 01 03 01 16 00 00 16 03 01 58 01 03 16 58 00 
00 00 58 58 16 16 58 01 4A 01 58 16 16 17 03 17 16 16 58 01 4A 01 58 44 4A 01 58 00 
00 00 58 16 11 16 58 01 4A 02 58 16 01 02 02 02 01 16 16 44 42 01 58 02 42 44 58 00 
00 00 00 16 11 16 58 01 4A 02 16 16 01 02 02 02 01 16 16 02 42 01 58 02 42 02 16 00 
00 00 00 16 11 16 58 16 4A 03 01 16 01 02 01 02 01 16 01 03 4A 01 58 44 42 03 16 00 
00 00 00 16 11 16 58 58 02 03 44 01 44 44 16 02 44 01 01 03 02 16 58 01 03 03 01 00 
00 00 00 16 16 58 58 58 01 02 44 01 44 01 58 01 01 01 01 02 01 58 58 16 02 03 00 00 
00 00 00 00 16 58 58 58 16 01 01 01 01 16 58 16 01 01 01 44 16 58 58 58 01 02 00 00 
00 00 00 00 58 58 58 58 58 01 01 16 16 58 58 58 16 16 16 01 58 58 58 58 16 01 00 00 
00 00 00 00 00 58 58 58 58 58 16 58 58 58 58 58 58 58 58 58 58 58 58 58 58 00 00 00 
00 00 00 00 00 00 58 58 58 58 58 58 58 58 58 58 58 58 58 58 58 58 58 58 00 00 00 00 
00 00 00 00 00 00 00 58 58 58 58 58 58 58 58 58 58 58 58 58 58 58 58 00 00 00 00 00 
00 00 00 00 00 00 00 00 00 00 00 58 58 58 58 58 58 58 00 00 00 00 00 00 00 00 00 00 
Plane 2
00 00 00 00 00 00 00 00 00 00 00 00 00 00 00 00 00 00 00 00 00 00 00 00 00 00 00 00 
00 00 00 00 00 00 00 00 00 00 00 00 00 00 00 00 00 00 00 00 00 00 00 58 00 00 00 00 
00 00 00 00 00 00 00 00 00 00 00 00 00 00 00 00 00 00 00 00 00 00 00 00 00 00 00 00 
00 00 00 00 00 00 00 00 00 00 00 00 00 00 00 00 00 00 00 00 00 00 00 00 58 00 00 00 
00 00 00 00 00 00 00 00 00 00 00 00 00 00 00 00 00 00 00 00 00 00 00 00 00 00 00 00 
00 00 00 00 00 00 00 00 00 00 00 00 00 00 00 00 00 00 00 00 00 00 00 58 00 00 00 00 
00 00 00 00 00 00 00 00 00 00 00 00 00 00 00 00 00 00 00 00 00 00 00 00 00 00 00 00 
00 00 00 00 00 00 00 00 00 00 00 00 16 16 58 00 00 00 00 00 00 00 00 00 00 00 00 00 
00 00 00 00 00 00 00 00 00 00 00 00 16 16 16 16 00 00 00 00 00 00 00 16 00 00 00 00 
00 00 00 00 00 00 00 00 00 00 00 58 16 16 16 16 58 00 00 00 00 00 00 00 00 00 00 00 
00 00 00 00 00 00 00 00 00 00 00 58 16 16 16 16 58 00 00 00 00 00 00 58 58 00 00 00 
00 00 00 00 00 00 00 00 00 00 00 58 16 16 01 16 58 00 00 00 00 00 00 00 00 00 00 00 
00 00 00 00 00 00 00 00 00 00 00 58 58 16 01 16 58 00 00 00 00 00 00 00 00 00 00 00 
00 00 00 00 00 00 00 00 00 00 00 58 58 16 17 16 58 01 00 00 00 00 00 00 58 00 00 00 
00 00 00 00 00 00 00 00 00 00 00 58 16 16 17 16 58 44 00 00 00 00 00 00 16 00 00 00 
00 00 00 00 00 00 00 00 00 00 16 71 16 16 17 16 16 02 00 00 00 00 00 00 16 00 00 00 
00 00 00 00 00 00 00 00 00 16 16 71 71 71 01 16 16 03 00 00 00 00 00 00 16 00 00 00 
00 00 00 00 00 00 00 00 11 11 11 71 71 71 71 16 16 4A 00 00 00 00 00 00 00 00 00 00 
00 00 00 00 00 00 00 00 11 11 11 71 71 71 71 71 16 4A 00 00 00 00 00 00 16 11 00 00 
00 00 00 00 00 00 00 00 11 11 11 16 16 71 71 16 71 71 00 00 00 00 00 00 16 11 11 00 
00 00 00 00 00 00 00 00 11 11 11 16 16 16 71 16 71 71 00 00 00 00 00 00 11 11 00 00 
00 00 00 00 00 00 00 00 00 11 11 16 16 16 16 71 71 4A 00 00 00 00 00 00 11 11 00 00 
00 00 00 00 00 00 00 00 00 11 11 16 16 16 16 71 16 4A 3D 00 00 00 00 00 11 11 00 00 
00 00 00 00 00 00 00 00 00 00 11 16 16 16 16 16 71 03 3D 7D 00 00 00 16 00 11 11 00 
00 00 00 00 00 00 00 00 00 00 11 16 16 16 16 71 71 02 42 4A 00 00 00 00 00 11 16 58 
00 00 00 00 00 00 00 00 00 00 16 16 16 16 16 71 16 02 4A 03 00 00 00 00 00 16 16 58 
00 00 00 00 00 00 00 00 00 00 16 79 16 16 16 16 16 01 02 00 00 00 00 00 00 16 16 00 
00 00 00 00 00 00 00 00 00 00 79 79 79 79 16 16 16 00 00 00 00 00 00 00 00 16 58 00 
00 00 00 00 00 00 00 00 00 58 79 79 79 79 79 79 79 16 00 00 00 00 00 00 00 00 58 00 
00 00 00 00 00 00 00 00 00 79 79 79 79 79 79 79 79 79 00 00 00 00 00 58 00 00 58 00 
00 00 00 00 00 00 00 00 00 79 79 79 79 79 79 79 79 79 00 00 00 00 00 00 00 00 00 00 
00 00 00 00 00 00 00 00 16 79 79 79 79 79 79 79 79 79 00 00 00 00 00 00 00 00 00 00 
00 00 00 00 00 00 00 00 79 79 79 79 79 79 79 79 79 79 16 00 00 00 00 00 16 00 58 00 
00 00 00 00 00 00 00 00 79 79 16 79 79 79 79 79 79 79 79 00 00 00 00 00 00 00 58 00 
00 00 00 00 00 00 00 16 79 79 79 79 79 79 79 79 79 79 79 00 00 00 00 00 00 00 00 58 
00 00 00 00 00 00 00 79 79 79 79 79 79 79 79 79 79 79 79 00 00 00 00 00 00 00 00 58 
00 00 00 00 00 00 00 79 0C 79 79 79 79 79 79 79 79 79 79 11 00 00 00 00 00 11 00 58 
00 00 00 00 00 00 00 79 79 79 79 79 79 79 79 79 79 79 79 79 00 00 00 00 00 00 00 58 
00 00 00 00 00 00 58 17 79 79 79 79 79 79 79 79 79 79 79 79 00 00 00 00 00 00 00 00 
00 00 00 00 00 00 79 00 79 79 79 79 79 79 79 79 79 79 79 79 00 00 00 00 00 00 00 58 
00 00 00 00 00 00 58 00 79 46 79 79 79 79 79 79 79 79 79 79 00 00 00 00 00 00 00 01 
00 00 00 00 00 00 00 00 79 7A 79 79 79 79 79 79 79 79 79 79 00 00 00 00 00 00 00 00 
00 00 00 00 00 00 00 00 79 7A 79 16 79 79 79 79 79 79 11 79 11 00 00 00 00 00 00 00 
00 00 00 00 00 00 00 00 79 7A 79 79 79 79 79 79 79 79 11 79 11 00 00 00 00 00 00 00 
00 00 00 00 00 00 00 00 18 02 79 79 79 79 79 79 79 79 79 11 79 00 00 00 00 00 00 00 
00 00 00 00 00 00 00 16 7A 17 79 79 79 79 79 79 79 79 79 79 79 00 00 00 00 00 00 00 
00 00 00 00 00 00 16 7A 7A 17 79 79 79 79 79 79 79 79 79 79 17 00 00 00 00 00 00 00 
00 00 00 00 00 00 7A 7A 7A 16 79 79 79 79 79 79 16 79 79 11 00 00 00 00 00 00 00 00 
00 00 00 00 00 16 7A 7A 7A 16 58 79 79 79 79 79 79 79 79 00 00 00 00 00 00 00 00 00 
00 00 00 00 00 16 7A 7A 7A 16 58 79 79 79 79 79 79 16 79 11 00 00 00 00 00 00 00 00 
00 00 00 00 00 7B 7A 7A 7A 16 58 79 79 79 11 79 79 16 79 7A 00 00 00 00 00 00 00 00 
00 00 00 00 00 16 7A 7A 7A 16 79 79 79 79 11 79 79 16 79 7A 18 00 00 00 00 00 00 00 
00 00 00 00 00 58 7A 7A 7A 58 79 79 79 79 0C 79 79 11 58 16 7A 00 00 00 00 00 00 00 
00 00 00 00 11 7B 7A 7A 7A 7A 79 79 79 79 13 79 11 11 7A 16 7A 11 00 00 00 00 00 00 
00 00 00 00 16 7B 7A 7A 7A 7A 79 79 79 79 7A 79 16 11 7A 58 7A 7A 58 00 00 00 00 00 
00 00 00 00 00 7B 01 7A 7A 7A 16 79 79 79 7A 79 16 11 7A 58 7A 7A 58 00 00 00 00 00 
00 00 00 00 16 7B 01 7A 7A 7A 11 79 79 79 7A 79 79 11 7A 58 7A 11 58 00 00 00 00 00 
00 00 00 00 16 7B 02 7A 7A 16 11 79 79 79 7A 79 79 11 7A 7A 7A 16 7B 00 00 00 00 00 
00 00 00 00 11 7B 02 7A 7A 7B 11 79 16 79 7A 79 79 11 7A 7A 7A 16 7B 00 00 00 00 00 
00 00 00 00 00 7B 7B 7A 7A 7B 7B 16 16 79 7A 79 79 11 7A 7A 7A 7B 7B 00 00 00 00 00 
00 00 00 00 11 7B 02 7A 7A 7B 7B 16 16 18 7A 79 79 16 16 7A 7A 7B 7B 00 00 00 00 00 
00 00 00 00 11 7B 02 7A 7A 7B 11 16 7A 18 7A 79 16 16 16 7A 11 7B 7B 00 00 00 00 00 
00 00 00 00 11 7B 7B 7A 7A 7B 16 16 7A 17 7A 79 16 16 16 7A 11 7B 7B 00 00 00 00 00 
00 00 00 00 00 7B 7B 7D 42 7B 01 01 7A 7A 7A 79 16 16 16 7A 11 7B 58 00 00 00 00 00 
00 00 00 00 00 7B 7B 7D 42 7B 02 01 16 7A 7A 11 16 16 16 7A 11 7B 58 00 00 00 00 00 
00 00 00 00 00 7B 7B 7B 42 7B 03 02 16 01 7A 16 16 7B 7B 7A 11 7B 58 00 00 00 00 00 
00 00 00 00 00 16 7B 7B 7B 7B 4A 7B 7B 7B 01 16 16 7B 7B 7A 11 7B 16 00 00 00 00 00 
00 00 00 00 00 16 7B 7B 7B 7B 42 03 7B 16 7B 16 16 7B 7B 7A 11 7B 00 00 00 00 00 00 
00 00 00 00 00 00 02 7B 7B 7B 7B 7B 01 16 7B 7B 7B 18 7B 7A 11 11 00 00 00 00 00 00 
00 00 00 00 00 00 02 7B 7B 7B 7B 7B 7B 7B 7B 7B 17 7B 7B 7A 11 11 00 00 00 00 00 00 
00 00 00 00 00 00 02 03 7B 7B 7B 03 7B 7B 7B 7B 7B 7B 7B 7A 12 16 00 00 00 00 00 00 
00 00 00 00 00 00 00 02 42 7B 7B 7B 02 16 7B 7B 7B 7B 7B 18 11 00 00 00 00 00 00 00 
00 00 00 00 00 00 00 02 00 7B 7B 7B 7B 16 7B 7B 7B 7B 4B 00 11 00 00 00 00 00 00 00 
00 00 00 00 00 00 00 00 00 03 01 7B 7B 7B 7B 7B 7B 7B 00 00 11 00 00 00 00 00 00 00 
00 00 00 00 00 00 00 00 00 00 7B 03 02 16 7B 7B 7B 46 00 00 00 00 00 00 00 00 00 00 
00 00 00 00 00 00 00 00 00 00 03 4A 73 00 16 7B 16 00 00 00 00 00 00 00 00 00 00 00 
00 00 00 00 00 00 00 00 00 00 00 00 73 00 73 7B 00 00 00 00 00 00 00 00 00 00 00 00 
00 00 00 00 00 00 00 00 00 00 00 00 02 00 73 16 00 00 00 00 00 00 00 00 00 00 00 00 
00 00 00 00 00 00 00 00 00 00 00 00 02 00 16 00 00 00 00 00 00 00 00 00 00 00 00 00 
00 00 00 00 00 00 00 00 00 00 00 00 03 00 16 00 00 00 00 00 00 00 00 00 00 00 00 00 
00 00 00 00 00 00 00 00 00 00 00 00 4A 00 11 00 00 00 00 00 00 00 00 00 00 00 00 00 
00 00 00 00 00 00 00 00 00 00 00 00 4A 00 11 00 00 00 00 00 00 00 00 00 00 00 00 00 
00 00 00 00 00 00 00 00 00 00 00 00 4A 00 11 00 00 00 00 00 00 00 00 00 00 00 00 00 
00 00 00 00 00 00 00 00 00 00 00 00 03 00 16 00 00 00 00 00 00 00 00 00 00 00 00 00 
00 00 00 00 00 00 00 00 00 00 00 00 02 00 16 00 00 00 00 00 00 00 00 00 00 00 00 00 
00 00 00 00 00 00 00 00 00 00 00 00 44 01 11 00 00 00 00 00 00 00 00 00 00 00 00 00 
00 00 00 00 00 00 00 00 00 00 00 00 01 16 11 00 00 00 00 00 00 00 00 00 00 00 00 00 
00 00 00 00 00 00 00 00 00 00 00 00 16 11 11 00 00 00 00 00 00 00 00 00 00 00 00 00 
00 00 00 00 00 00 00 00 00 00 00 00 16 11 11 00 00 00 00 00 00 00 00 00 00 00 00 00 
00 00 00 00 00 00 00 00 00 00 00 00 16 11 11 00 00 00 00 00 00 00 00 00 00 00 00 00 
00 00 00 00 03 00 00 00 00 00 00 00 16 11 11 00 00 00 00 00 00 00 00 00 00 00 00 00 
00 00 00 7D 03 16 00 00 00 00 00 00 16 11 11 00 00 00 00 00 00 00 00 00 00 00 00 00 
00 00 00 42 03 01 00 00 00 00 00 00 16 11 11 00 00 00 00 00 00 00 00 00 00 00 00 00 
00 00 00 4A 03 01 00 00 00 00 00 00 16 11 11 00 00 00 00 00 00 00 00 00 00 00 00 00 
00 00 02 02 02 01 00 00 00 00 00 00 00 11 11 00 00 00 00 00 00 00 00 16 00 00 00 00 
00 00 01 44 17 01 58 00 00 00 00 00 16 11 17 00 00 00 00 00 00 00 00 16 16 00 00 00 
00 58 16 16 01 16 58 00 00 00 00 16 16 16 17 00 00 00 00 00 00 00 00 16 16 00 00 00 
00 58 58 58 01 16 58 16 00 58 16 11 16 01 02 16 00 00 00 00 00 00 58 16 01 00 00 00 
00 58 58 58 16 16 58 01 44 58 16 11 16 17 02 01 00 00 00 00 02 16 58 01 44 58 00 00 
00 58 58 58 16 58 58 01 02 58 58 11 16 17 03 01 16 00 58 01 03 16 58 02 02 58 00 00 
00 58 58 58 11 16 58 02 03 16 58 11 16 02 03 01 16 16 58 44 4A 16 58 03 4A 16 58 00 
00 00 58 16 11 16 58 02 4A 01 16 16 01 02 02 17 16 16 16 02 4A 16 58 03 4A 01 58 00 
00 00 58 16 11 16 58 02 4A 02 16 16 01 02 02 02 01 16 01 03 4A 16 58 03 42 02 58 00 
00 00 00 16 11 16 58 01 4A 02 01 16 44 44 01 02 01 16 01 4A 03 58 58 02 42 02 00 00 
00 00 00 11 16 58 58 01 03 03 01 01 02 01 16 02 01 01 44 03 02 58 58 44 4A 03 00 00 
00 00 00 16 16 58 58 58 02 02 01 01 44 16 58 01 01 01 45 02 01 58 58 01 02 02 00 00 
00 00 00 00 58 58 58 58 01 02 01 01 01 58 58 16 01 01 01 44 16 58 58 58 01 02 00 00 
00 00 00 00 58 58 58 58 58 01 16 16 16 58 58 58 16 16 01 16 58 58 58 58 16 01 00 00 
00 00 00 00 00 58 58 58 58 58 58 58 58 58 58 58 58 58 16 58 58 58 58 58 00 00 00 00 
00 00 00 00 00 00 58 58 58 58 58 58 58 58 58 58 58 58 58 58 58 58 58 00 00 00 00 00 
00 00 00 00 00 00 00 58 58 58 58 58 58 58 58 58 58 58 58 58 58 58 00 00 00 00 00 00 
00 00 00 00 00 00 00 00 00 00 58 58 58 58 58 58 58 58 00 00 00 00 00 00 00 00 00 00 
Plane 3
00 00 00 00 00 00 00 00 00 00 00 00 00 00 00 00 00 00 00 00 00 00 00 00 00 00 00 00 
00 00 00 00 00 00 00 00 00 00 00 00 00 00 00 00 00 00 00 00 00 00 00 00 00 00 00 00 
00 00 00 00 00 00 00 00 00 00 00 00 00 00 00 00 00 00 00 00 00 00 00 58 00 00 00 00 
00 00 00 00 00 00 00 00 00 00 00 00 00 00 00 00 00 00 00 00 00 00 00 58 00 00 00 00 
00 00 00 00 00 00 00 00 00 00 00 00 00 00 00 00 00 00 00 00 00 00 00 58 58 00 00 00 
00 00 00 00 00 00 00 00 00 00 00 00 00 00 00 00 00 00 00 00 00 00 00 58 00 00 00 00 
00 00 00 00 00 00 00 00 00 00 00 00 00 00 00 00 00 00 00 00 00 00 00 58 00 00 00 00 
00 00 00 00 00 00 00 00 00 00 00 00 16 58 00 00 00 00 00 00 00 00 00 58 00 00 00 00 
00 00 00 00 00 00 00 00 00 00 00 58 16 16 16 16 00 00 00 00 00 00 00 58 00 00 00 00 
00 00 00 00 00 00 00 00 00 00 00 58 16 16 16 16 00 00 00 00 00 00 00 58 00 00 00 00 
00 00 00 00 00 00 00 00 00 00 00 58 16 16 16 16 58 00 00 00 00 00 00 58 00 00 00 00 
00 00 00 00 00 00 00 00 00 00 00 58 16 16 16 16 58 00 00 00 00 00 00 58 00 00 00 00 
00 00 00 00 00 00 00 00 00 00 58 58 16 01 01 16 58 00 00 00 00 00 00 58 00 00 00 00 
00 00 00 00 00 00 00 00 00 00 58 58 16 01 01 16 58 00 00 00 00 00 00 58 00 00 00 00 
00 00 00 00 00 00 00 00 00 00 16 58 16 01 17 16 58 00 00 00 00 00 00 58 00 00 00 00 
00 00 00 00 00 00 00 00 00 00 71 71 16 01 16 16 16 00 00 00 00 00 00 58 16 00 00 00 
00 00 00 00 00 00 00 00 11 16 71 71 71 71 16 16 16 00 00 00 00 00 00 58 00 16 00 00 
00 00 00 00 00 00 00 11 11 11 11 71 71 71 71 16 01 00 00 00 00 00 00 00 16 00 00 00 
00 00 00 00 00 00 00 11 11 11 11 71 71 71 71 16 71 00 00 00 00 00 00 00 16 00 00 00 
00 00 00 00 00 00 00 00 11 11 11 16 71 71 71 71 01 42 00 00 00 00 00 00 11 11 00 00 
00 00 00 00 00 00 00 00 11 11 11 16 16 71 71 71 71 42 00 00 00 00 00 00 11 12 00 00 
00 00 00 00 00 00 00 00 00 11 11 16 16 16 16 71 71 42 00 00 00 00 00 16 11 12 00 00 
00 00 00 00 00 00 00 00 00 11 11 16 16 16 16 71 71 42 3D 00 00 00 00 16 11 11 00 00 
00 00 00 00 00 00 00 00 00 00 11 16 16 16 16 16 01 4A 3D 00 00 00 00 00 11 11 00 00 
00 00 00 00 00 00 00 00 00 00 16 16 16 16 16 71 71 4A 42 4A 00 00 00 00 11 11 16 00 
00 00 00 00 00 00 00 00 00 00 16 16 16 16 16 16 16 02 4A 03 00 00 00 00 00 16 16 00 
00 00 00 00 00 00 00 00 00 00 79 16 16 16 16 16 16 02 02 00 00 00 00 00 00 16 58 00 
00 00 00 00 00 00 00 00 00 00 79 79 79 79 16 16 16 00 00 00 00 00 00 00 00 16 00 00 
00 00 00 00 00 00 00 00 00 58 79 79 79 79 79 79 79 00 00 00 00 00 00 00 00 16 00 00 
00 00 00 00 00 00 00 00 00 79 79 79 79 79 79 79 79 16 00 00 00 00 00 00 00 00 00 00 
00 00 00 00 00 00 00 00 58 79 79 79 79 79 79 79 79 79 00 00 00 00 00 58 00 00 58 00 
00 00 00 00 00 00 00 00 79 79 79 79 79 79 79 79 79 79 00 00 00 00 00 00 00 00 58 00 
00 00 00 00 00 00 00 00 79 79 79 79 79 79 79 79 79 79 00 00 00 00 00 00 00 00 58 58 
00 00 00 00 00 00 00 11 79 79 79 79 79 79 79 79 79 79 16 00 00 00 00 00 16 00 58 58 
00 00 00 00 00 00 00 79 79 79 79 79 79 79 79 79 79 79 79 00 00 00 00 00 00 00 58 00 
00 00 00 00 00 00 00 79 79 79 79 79 79 79 79 79 79 79 79 00 00 00 00 00 00 00 00 00 
00 00 00 00 00 00 00 79 79 79 79 79 79 79 79 79 79 79 79 00 00 00 00 00 00 00 00 00 
00 00 00 00 00 00 16 79 79 0C 79 79 79 79 79 79 79 79 79 11 00 00 00 00 00 11 00 58 
00 00 00 00 00 00 79 17 79 13 79 79 79 79 79 79 79 79 79 11 00 00 00 00 00 00 58 58 
00 00 00 00 00 00 16 00 79 18 79 79 79 79 79 79 79 79 79 79 00 00 00 00 00 00 00 00 
00 00 00 00 00 00 00 00 79 18 79 79 79 79 79 79 79 79 79 79 00 00 00 00 00 00 00 00 
00 00 00 00 00 00 00 00 79 18 79 79 79 79 79 79 79 79 79 79 00 00 00 00 00 00 00 00 
00 00 00 00 00 00 00 00 79 03 79 79 79 79 79 79 79 79 11 79 00 00 00 00 00 16 00 00 
00 00 00 00 00 00 00 00 46 02 79 79 79 79 79 79 79 79 79 79 00 00 00 00 00 00 00 00 
00 00 00 00 00 00 00 17 7A 79 79 79 79 79 79 16 79 79 11 16 16 00 00 00 00 00 00 00 
00 00 00 00 00 00 00 7A 18 79 79 79 79 79 79 79 79 79 11 11 17 00 00 00 00 00 00 00 
00 00 00 00 00 00 16 7A 7A 79 79 79 79 79 79 79 79 79 79 11 17 00 00 00 00 00 00 00 
00 00 00 00 00 58 7A 7A 7A 79 16 79 79 79 79 79 16 79 79 11 00 00 00 00 00 00 00 00 
00 00 00 00 00 7A 7A 7A 7A 79 79 79 79 79 79 79 79 79 79 0C 00 00 00 00 00 00 00 00 
00 00 00 00 00 16 7A 7A 7A 79 79 79 79 79 79 79 79 79 79 00 00 00 00 00 00 00 00 00 
00 00 00 00 11 16 7A 7A 7A 79 79 79 79 79 79 79 79 16 79 17 00 00 00 00 00 00 00 00 
00 00 00 00 11 16 7A 7A 7A 79 16 11 79 79 79 79 79 16 79 7A 00 00 00 00 00 00 00 00 
00 00 00 00 16 58 7A 7A 7A 58 16 11 79 79 79 79 79 16 79 7A 13 00 00 00 00 00 00 00 
00 00 00 00 16 7B 7A 7A 7A 7A 16 11 79 79 79 79 79 16 58 7A 7A 11 00 00 00 00 00 00 
00 00 00 00 16 58 7A 7A 7A 58 16 79 79 79 13 79 79 7A 7A 7A 7A 7A 58 00 00 00 00 00 
00 00 00 00 16 7B 7A 7A 7A 58 11 79 79 79 7A 79 79 11 7A 7A 7A 7A 7B 00 00 00 00 00 
00 00 00 00 16 7B 7A 7A 7A 58 11 79 79 79 7A 79 79 11 7A 7A 7A 16 7B 00 00 00 00 00 
00 00 00 00 16 7B 7A 7A 7A 7B 11 16 79 79 7A 79 79 11 7A 7A 7A 16 7B 00 00 00 00 00 
00 00 00 00 16 7B 03 7A 7A 7B 11 16 79 79 7A 79 79 11 7A 7A 7A 16 7B 00 00 00 00 00 
00 00 00 00 16 7B 03 7A 7A 7B 11 16 79 46 7A 79 16 7B 7A 7A 11 7B 16 00 00 00 00 00 
00 00 00 00 16 7B 03 7A 7A 7B 11 7A 79 7A 7A 79 16 7B 7A 7A 11 7B 16 00 00 00 00 00 
00 00 00 00 16 7B 03 7A 4A 7B 16 7A 17 7A 7A 79 16 7B 7A 7A 11 7B 58 00 00 00 00 00 
00 00 00 00 16 7B 7B 7A 4A 7B 16 16 11 7A 7A 11 16 7B 16 7A 7B 7B 58 00 00 00 00 00 
00 00 00 00 16 7B 7B 3D 4A 7B 01 16 11 7A 7A 11 16 7B 16 7A 11 7B 58 00 00 00 00 00 
00 00 00 00 16 7B 7B 3D 7B 02 02 01 16 7A 7A 16 16 7B 16 7A 11 7B 58 00 00 00 00 00 
00 00 00 00 16 7B 7B 7D 7B 03 03 44 16 7A 01 16 16 17 16 7A 7B 7B 00 00 00 00 00 00 
00 00 00 00 00 7B 7B 7D 7B 4A 7B 7B 16 01 7B 16 16 17 11 7A 11 7B 00 00 00 00 00 00 
00 00 00 00 00 16 7B 7B 7B 42 7B 7B 16 7B 7B 7B 7B 17 7B 7A 11 11 00 00 00 00 00 00 
00 00 00 00 00 01 7B 7B 7B 42 4A 03 7B 7B 7B 16 7B 7B 7B 7A 7B 16 00 00 00 00 00 00 
00 00 00 00 00 01 03 7B 7B 7B 03 7B 7B 16 7B 7B 17 7B 7B 7A 11 00 00 00 00 00 00 00 
00 00 00 00 00 00 02 03 7B 7B 7B 4A 01 16 7B 7B 7B 7B 7B 7A 11 00 00 00 00 00 00 00 
00 00 00 00 00 00 00 03 7B 7B 7B 7B 7B 7B 7B 7B 7B 7B 7B 18 7B 00 00 00 00 00 00 00 
00 00 00 00 00 00 00 00 42 7B 7B 7B 7B 7B 7B 7B 7B 7B 4B 18 11 00 00 00 00 00 00 00 
00 00 00 00 00 00 00 00 00 02 7B 4A 7B 7B 7B 7B 7B 7B 00 00 00 00 00 00 00 00 00 00 
00 00 00 00 00 00 00 00 00 00 02 7B 02 16 7B 7B 7B 04 00 00 00 00 00 00 00 00 00 00 
00 00 00 00 00 00 00 00 00 00 03 4A 73 00 7B 7B 17 00 00 00 00 00 00 00 00 00 00 00 
00 00 00 00 00 00 00 00 00 00 00 00 73 00 16 7B 00 00 00 00 00 00 00 00 00 00 00 00 
00 00 00 00 00 00 00 00 00 00 00 00 01 00 73 16 00 00 00 00 00 00 00 00 00 00 00 00 
00 00 00 00 00 00 00 00 00 00 00 00 44 00 16 00 00 00 00 00 00 00 00 00 00 00 00 00 
00 00 00 00 00 00 00 00 00 00 00 00 02 00 16 00 00 00 00 00 00 00 00 00 00 00 00 00 
00 00 00 00 00 00 00 00 00 00 00 00 03 00 16 00 00 00 00 00 00 00 00 00 00 00 00 00 
00 00 00 00 00 00 00 00 00 00 00 00 4A 00 16 00 00 00 00 00 00 00 00 00 00 00 00 00 
00 00 00 00 00 00 00 00 00 00 00 00 4A 00 16 00 00 00 00 00 00 00 00 00 00 00 00 00 
00 00 00 00 00 00 00 00 00 00 00 00 03 00 16 00 00 00 00 00 00 00 00 00 00 00 00 00 
00 00 00 00 00 00 00 00 00 00 00 00 02 00 16 00 00 00 00 00 00 00 00 00 00 00 00 00 
00 00 00 00 00 00 00 00 00 00 00 00 02 00 11 00 00 00 00 00 00 00 00 00 00 00 00 00 
00 00 00 00 00 00 00 00 00 00 00 00 01 16 11 00 00 00 00 00 00 00 00 00 00 00 00 00 
00 00 00 00 00 00 00 00 00 00 00 00 16 11 11 00 00 00 00 00 00 00 00 00 00 00 00 00 
00 00 00 00 00 00 00 00 00 00 00 00 16 11 11 00 00 00 00 00 00 00 00 00 00 00 00 00 
00 00 00 00 00 00 00 00 00 00 00 00 11 11 11 00 00 00 00 00 00 00 00 00 00 00 00 00 
00 00 00 3D 02 00 00 00 00 00 00 00 11 11 11 00 00 00 00 00 00 00 00 00 00 00 00 00 
00 00 00 7D 02 00 00 00 00 00 00 00 11 11 11 00 00 00 00 00 00 00 00 00 00 00 00 00 
00 00 00 42 02 16 00 00 00 00 00 00 11 11 11 00 00 00 00 00 00 00 00 00 00 00 00 00 
00 00 00 4A 02 16 00 00 00 00 00 00 11 11 11 00 00 00 00 00 00 00 00 00 00 00 00 00 
00 00 02 03 02 16 00 00 00 00 00 00 16 11 11 00 00 00 00 00 00 00 00 16 00 00 00 00 
00 00 44 02 02 16 58 00 00 00 00 00 16 17 16 00 00 00 00 00 00 00 00 16 00 00 00 00 
00 58 01 01 01 58 58 00 00 00 00 16 16 17 17 00 00 00 00 00 00 00 58 16 16 00 00 00 
00 58 58 16 01 58 58 00 00 58 16 11 16 17 17 16 00 00 00 00 00 00 58 01 16 00 00 00 
00 58 58 16 16 58 58 44 01 58 16 11 16 02 02 16 00 00 00 00 02 58 58 02 01 58 00 00 
00 58 58 58 16 58 58 02 44 58 16 11 16 02 02 16 00 00 58 44 03 58 58 03 44 58 00 00 
00 58 58 16 11 58 58 03 02 58 16 11 01 02 02 01 11 16 58 02 03 58 58 4A 02 58 58 00 
00 00 58 16 11 58 58 03 03 01 16 16 01 02 02 17 16 16 16 03 4A 58 16 4A 03 16 58 00 
00 00 58 11 11 58 58 03 4A 44 16 01 44 02 02 02 01 16 01 4A 03 58 16 4A 4A 01 00 00 
00 00 16 11 11 58 58 02 4A 02 16 01 02 01 44 02 01 16 02 4A 02 58 58 03 4A 02 00 00 
00 00 00 11 16 58 58 01 03 02 01 01 02 01 01 02 01 01 02 03 01 58 58 02 4A 02 00 00 
00 00 00 16 16 58 58 16 02 02 01 01 44 16 16 44 01 01 02 02 16 58 58 01 03 02 00 00 
00 00 00 16 58 58 58 58 01 44 01 01 01 58 58 01 01 01 44 01 58 58 58 16 02 44 00 00 
00 00 00 00 58 58 58 58 16 01 16 16 16 58 58 16 16 16 01 16 58 58 58 58 01 00 00 00 
00 00 00 00 58 58 58 58 58 16 58 58 58 58 58 58 58 58 16 58 58 58 58 58 00 00 00 00 
00 00 00 00 00 58 58 58 58 58 58 58 58 58 58 58 58 58 58 58 58 58 58 00 00 00 00 00 
00 00 00 00 00 00 58 58 58 58 58 58 58 58 58 58 58 58 58 58 58 58 00 00 00 00 00 00 
00 00 00 00 00 00 00 00 00 00 58 58 58 58 58 58 58 58 00 00 00 00 00 00 00 00 00 00 
